LOTOCV_bladder	LOTOCV_bonemarrow	LOTOCV_brain	LOTOCV_breast	LOTOCV_colonsigmoid	LOTOCV_colontransverse	LOTOCV_heart	LOTOCV_hypothalamus	LOTOCV_kidney	LOTOCV_liver	LOTOCV_lung	LOTOCV_lymphnodes	LOTOCV_ovary	LOTOCV_pancreas	LOTOCV_prostate	LOTOCV_skin	LOTOCV_stomach	LOTOCV_testis	LOTOCV_adrenal.gland	LOTOCV_aorta	LOTOCV_spleen	LOTOCV_large.intestine	LOTOCV_small.intestine	LOTOCV_trachea	LOTOCV_thyroid	LOTOCV_uterus	full.model
(Intercept)	3.94348850272745	3.92291588844483	4.04878649986662	3.85939629444287	3.83476818048937	3.85202000161358	3.87478003168577	3.90769927834607	3.86319357826461	3.78251126714216	3.95843213980243	3.9264740324762	3.74966946343344	3.85653827927171	3.81340292106455	3.80801525224617	3.79893132533214	3.92630421926737	3.84618910645867	3.87211492630609	3.84930357326695	3.84143739250292	3.84297498150703	3.84568281514573	3.88067926096864	3.83563192612782	3.84717404405988
chr1:858000-860000	0	0	-0.00462901103853832	0	0	0	0	0	0	0	0	0	-0.000446989801282491	-0.00146962806944785	0	0	0	-0.00747558037717283	0	0	0	-0.00190203397864929	0	0	0	0	0
chr1:908000-910000	0	0	0	0	0	0	0	0	0	0	0	0	0	0	0	0	-0.0274318538000542	0	0	0	0	0	0	0	0	0	0
chr1:1462000-1464000	0	0	-0.00214992114211277	0	-0.0129523054703288	-0.0149184824844316	-0.019067835827006	0	0	0	-0.020321694694802	0	0	0	-0.00881667115663033	0	0	-0.0167538766030987	0	0	-0.00109440095197006	0	0	0	-0.000693253442142598	-0.0111542435948041	0
chr1:1464000-1466000	-0.0807771674620344	-0.047672337126086	-0.0900271289107452	-0.0230932415105683	-0.0603408554913767	-0.0789339164895691	-0.0445989415120859	-0.0703773973528395	-0.0613204293325773	-0.0821510477452708	-0.0478810091507359	-0.0888383292756065	-0.0521684825997898	-0.05881229057264	-0.0788195909303863	-0.0588861080361029	0	-0.0563407980473958	-0.0724288737338287	-0.0726294190066623	-0.0734520814279173	-0.0683419811924858	-0.0773230071257215	-0.0729530650316907	-0.0642698117899055	-0.0780979519287314	-0.0731790116552914
chr1:3066000-3068000	0	0	0	0	0	0	0	-0.00163750011701639	0	0	-0.0143822151609234	0	0	0	0	0	0	0	0	-3.76107181680736e-05	0	0	-0.00234285811819614	0	0	0	0
chr1:3414000-3416000	0	0	0	0	0	0	0	0	0	0	0	0	0.00928277404714254	0	0	0	0	0	0	0	0	0	0	0	0	0	0
chr1:10742000-10744000	0	0	0	0	0	0.00940824789459684	0	0	0	0	0	0	0	0	0	0	0	0	0	0	0	0	0	0	0	0	0
chr1:15826000-15828000	0.0207461437666381	0.0055677799286391	0.0258933693290854	0	0.00438754395223278	0.0035423671851411	0.0174647093222278	0.00383401181607146	0.00906970954290799	0.0107639041712244	0	0.02665392238589	0.0447802040500761	0	0.0143124859558647	0.0305255756664428	0	0	0.0129327860189378	0.0105299678947443	0.012272165878327	0.00824636016264961	0.0126341691390005	0.0127198148828241	0.0108968307423664	0.0183942715972412	0.0116753769617831
chr1:16758000-16760000	0	-0.0247367770106767	-0.00768208600675095	-0.000804420028069939	-0.0244793826507206	-0.0251761775082274	-0.0106266214343482	-0.0261758300937919	-0.00322274828933035	-0.0243311405931606	-0.0367357075240265	-0.0243576862899264	-0.0378200061913803	0	-0.0196488706080459	-0.0291274708329954	0	-0.0314754279972871	-0.0263055148388688	-0.0274442439401126	-0.0300172787677512	-0.0295301224992916	-0.0250820195331739	-0.0314534435383652	-0.0210067570761064	-0.0328377930994006	-0.0277410313163365
chr1:17936000-17938000	0	0	0	0	0	0	0	0	0	0	0.0109674954303601	0	0	0	0	0	0.0213389950820353	0	0	0	0	0	0	0	0	0	0
chr1:25268000-25270000	0	0	0	0	0	0	0	0	0	0	0	0	0	0	0	0	0.00459278615626942	0	0	0	0	0	0	0	0	0	0
chr1:25286000-25288000	0	0	0	0	0	0	0	0	0	0	0	0	0	0	0	0	0.00142385228508407	0	0	0	0	0	0	0	0	0	0
chr1:25306000-25308000	0	0	0	0	0	0	0	0	0	0	0	0	0	0	0	0	0.0042766378835104	0	0	0	0	0	0	0	0	0	0
chr1:28294000-28296000	0	0	-0.00273599048604528	0	0	0	0	-0.000287810486533776	0	0	0	0	0	0	0	0	-0.0188168679432061	0	0	0	0	0	-0.00489291172838952	-0.000592740278574287	-0.00029916519624162	0	0
chr1:39614000-39616000	0	-0.039536217732773	-0.0319364472852757	-0.0082838073254357	-0.00528170121917094	-0.00910344944777474	-0.0240144454993391	-0.0276581649261743	-0.019132593173901	-0.0156134957704519	0	-0.0229406899674648	-0.0289035216620304	0	-0.0193743613181227	0	-0.00813610159425236	0	-0.0236111557101336	-0.0210810716558734	-0.024598455408072	-0.00804119147945794	-0.0259514857723533	-0.0202739887299026	-0.02372882265578	-0.00731649501976761	-0.0231814962973606
chr1:43422000-43424000	0.00418736809175531	0	0	0	0	0	0	0	0	0	0	0	0	0	0	0	0	0	0	0	0	0	0	0	0	0	0
chr1:84246000-84248000	0.0550368311874278	0.0450906379996802	0.024250444689281	0.0201072827825301	0.0480734704098875	0.0470371261305872	0.0389771919591762	0.0373160154360531	0.0303246914765435	0.0395422618696222	0.0491999385119576	0.0307961801196816	0.0296664166362303	0.0461162547796295	0.0374628013614701	0.0397698829271438	0	0.0432647597181439	0.0388094513100233	0.0383152825422976	0.0424899497836655	0.0408651542957932	0.0337948356483522	0.0371973107177309	0.0366142314014178	0.0444791544430351	0.0390461953532578
chr1:87744000-87746000	0	0	0	0.00880959002111597	0	0	0	0	0	0	0	0	0	0	0	0	0	0	0	0	0	0.00140340303578207	0	0	0	0	0
chr1:93824000-93826000	0.0149304944069126	0.0756663854015836	0.068203198023593	0.0770610450125213	0.0648642804644914	0.0522005609952196	0.0523178894710683	0.0549603635130288	0.0511680501257563	0.0411580813209601	0.0703604876412693	0.0650967956430232	0.0578439824982147	0.0597127203621642	0.0636936077550927	0.0750637737354801	0.0660694595955359	0.0832539281207459	0.0589564609892705	0.0584651691102339	0.0561868289849465	0.0535034604769525	0.0582239479257142	0.0552500871973704	0.0618872481994154	0.0711998516216042	0.058243872633716
chr1:108192000-108194000	0	0	0	0	0	0	0	0	0	0	0	0	0	0	0	0	-0.0342428865445326	0	0	0	0	0	0	0	0	0	0
chr1:146988000-146990000	0	0	0	0.000102548872916397	0	0	0	0	0	0	0	0	0	0.00786781227104364	0	0.00853805510358968	0	0	0	0	0	0	0	0	0	0	0
chr1:151132000-151134000	0	0	0	0	0	0	0	0	0	0	0	0	0.00844493857112848	0	0	0	0	0	0	0	0	0	0	0	0	0	0
chr1:156676000-156678000	0	0	0	0	0	0	0	0	0	0	0	0	0.00276914981633595	0	0	0	0	0	0	0	0	0	0	0	0	0	0
chr1:166944000-166946000	0	0	0	0	0	-0.0094079489222794	-0.000774611878601539	0	0	0	0	0	0	-0.00102329585013946	0	0	0	0	0	0	0	0	0	0	0	0	0
chr1:175104000-175106000	0	-0.0431365100878348	-0.0303392371498012	-0.017614668569475	-0.0184562248165948	-0.0211999783200044	-0.0329734672814388	0	-0.00681171089538124	-0.0140749711759806	0	-0.0117949890677064	-0.0181931937306317	-0.0311681244588518	-0.00788757839492371	0	0	0	-0.0172368780372168	-0.0194014483249414	-0.0180301230072162	-0.0276560904637421	-0.020993454797123	-0.0164392260049365	-0.0194632933396598	-0.00928472264926432	-0.0173369126560943
chr1:175106000-175108000	0	0	0	0	0	0	0	0	0	0	0	0	-0.0213763907709266	0	0	0	0	0	0	0	0	0	0	0	0	0	0
chr1:184036000-184038000	0.00509229377559441	0.0206667368703064	0	0	4.74673074245312e-05	0	0.00157467485840182	0	0	0	0.000962481581183846	0.00747756980212163	0	0	0.00699591531438139	0	0	0	0	0	0	0.018149412524272	0.00532911739886504	0	0.000736216487396765	0.00580523725816482	0
chr1:228556000-228558000	0	0	0	0	0	0	0	0	-0.0103092738662864	0	-0.00265255173559824	0	0	0	0	-0.00584885189640435	0	0	0	0	0	0	0	0	0	0	0
chr1:228636000-228638000	0.0763559767956519	0.0440487169763026	0.0499997706117174	0.061339154572204	0.0632234183361829	0.0680138521523948	0.0722967079288562	0.0720893519590725	0.0513615401834229	0.0654753705284204	0.0415374525697534	0.052821197387651	0.013630926908639	0.0616799024506993	0.0625781688940067	0.0940959394862755	0.0527332617135058	0.0586555978169578	0.0594803344389938	0.0626828094649749	0.0591875755430289	0.0425572877076409	0.0594212989373021	0.0653986206761098	0.0634586860928014	0.0706000245717379	0.0598038326814434
chr1:232286000-232288000	0	0	0	0	0	0	0	0	0	0	0	0	0	0	0	0	0	0.00393480782991617	0	0	0	0	0	0	0	0	0
chr1:236096000-236098000	-0.0524658385144812	-0.0580876170022165	-0.0489054287787406	-0.0402626261654958	-0.0593053930778368	-0.0668488977369856	-0.0558089500593233	-0.0568767044615323	-0.0517103563527572	-0.0440718137327663	-0.0553043218440126	-0.0465366291198411	-0.0672024627530314	-0.0627253983815999	-0.0547371089291132	-0.0233677251994079	-0.0635691559748534	-0.0403375120953025	-0.0562396759795414	-0.0548832584262758	-0.0546106612787846	-0.0623344173804951	-0.0551370920487064	-0.0568224388682946	-0.0621997466519605	-0.038340176792673	-0.0551664890868366
chr1:239938000-239940000	0	0	0	0	0	0	0	0	0	0	0	0	0	0	0	0	0	-8.65257635660353e-05	0	0	0	0	0	0	0	0	0
chr2:3502000-3504000	0	0	0	0	0	0	0	0	0	0	-0.0142212993621066	0	0	0	0	0	0	0	0	0	0	0	0	0	0	0	0
chr2:11634000-11636000	0	0	0	-0.00532940735897958	0	0	0	0	0	0	0	0	0	0	0	-0.0197823995006802	0	0	0	0	0	0	0	0	0	0	0
chr2:21264000-21266000	0	0	0	0	0	-0.00241008172225886	0	0	0	0	0	0	0	0	0	0	0	0	0	0	0	0	0	0	0	0	0
chr2:33000000-33002000	0	-0.00982031939416186	-0.00636243231578643	-0.0235333826243323	0	-0.00384281012029871	0	-0.00970599571816416	0	0	0	0	-0.00568139145616579	0	0	0	0	0	0	0	0	0	0	0	-0.000550130751092824	-0.00216802611493324	0
chr2:47570000-47572000	0	0.0136176862778599	0.0203524413325203	0.0166557906772826	0.0225149995309032	0.0343505997950584	0.0183448536689799	0.0203019420589991	0.0315510565297421	0.00789618179975454	0.00580630477887104	0.013817857490422	0.0219772460021182	0.0117244943239955	0.0300689081684304	0.0286631990441694	0.0348204122357551	0.0106437816414584	0.0232098949040317	0.0254839408508911	0.0278303510675141	0.00940420318435483	0.028818745979057	0.0219168168824579	0.0220123372025404	0.0208600716409654	0.0239221166618124
chr2:48580000-48582000	0	-0.00057174280921025	-0.0261541659498785	0	-0.000244677559443489	-0.0155645668528717	-0.0195910869299729	-0.0169975389710525	0	0	-0.0287785402120586	-0.00796741592793174	0	-0.0099314898816128	0	0	0	-0.0285767606222767	-0.00847943190325362	-0.00936372844195283	-0.00657541009414552	-0.00016733877041423	-0.00335485854340586	-0.0022022370695314	-0.0102530860801007	-0.0130616636612352	-0.00707126143867745
chr2:69748000-69750000	0.000928047551814081	0	0	0	0.0130028751520763	0.00861138592161827	0.00967333419509976	0	0.0194081543820007	0	0	0.00500745279940958	0.00334321686630769	0.00146965187588807	0	0	0	0	0.00419587022092704	0.00524604138572014	0.00520559572525478	0	0.00333807011728632	0.00757499918908286	0.00408654083149685	0.0247243725842724	0.00513970104260448
chr2:71306000-71308000	0	0	0	0	0	0	0	0	0.0021462433638395	0	0	0	0	0.000324096292222198	0	0	0	0	0	0	0	0	0	0	0	0	0
chr2:87534000-87536000	-0.0450689212986206	-0.00615554409742669	-0.0231874035346023	0	-0.0103690334233318	0	-0.00471132671238163	-0.018282080083944	-0.00997424601861515	0	0	-0.013835410336656	-0.0059945264189545	-0.00295743127535568	-3.34280035653397e-05	-0.0362051823235793	-0.00407026246226768	-0.00862597591314206	-0.012826583448857	-0.0119971928714203	-0.0101693156714029	-0.00733691397519535	-0.0115835918929323	-0.0132277372915507	-0.00958600976463155	-0.00930737462718984	-0.0131337651722311
chr2:97548000-97550000	-0.00678585439191531	0	0	0	0	0	0	0	0	0	0	0	0	0	0	0	0	0	0	0	0	0	0	0	0	0	0
chr2:112432000-112434000	0	0	0	0	0	0.0097560567877482	0	0	0	0.00166788807922889	0	0	0.000921159655190118	0	0	0.0170511628026888	0	0	0	0	0	0.00784006658205766	0	0	0	0	0
chr2:118856000-118858000	0	0	0	0	0	0	0	0	0	0	0	0	0	0	0.00185889974236154	0	0	0	0	0	0	0	0	0	0	0	0
chr2:133894000-133896000	0	0.00234118952747961	0	0.0125776854242726	0	0.0111704693662464	0.00550386527990117	0.00538517743689769	0.00114354599252152	0	0.000986147566682388	0.00609213215844162	0	0.00886359696580297	0.00890501079192063	0	0	0	0.00960373418040099	0.0125479918331588	0.0100488727481812	0.0239764525944224	0.006617446252982	0.0121665417605109	0.00145370019956441	0.00498314102461189	0.009736608711553
chr2:142872000-142874000	0	0	0	0	0	0	0	0	0	0	0.000218435000184727	0	0	0	0	0	0	0	0	0	0	0	0	0	0	0	0
chr2:170712000-170714000	0.0327083200519919	0	0	0	0	0.000998141978744778	0.0141073135866556	0	0	0	0	0	0	0	0.00140122293547164	0	0	0	0.00197343992844965	5.05410755893674e-05	0.00366336129046153	0	0.00598158236817772	0	0.00420057765164738	0.00221849286585815	0.000647286610965827
chr2:180018000-180020000	0	0	0.0276827919779994	0	0.0075603223410849	0	0.00280394639574464	0	0.000299234221616049	0.0153789503899896	0	0	0.000383713729746894	0	0.0034385740700409	0	0	0	8.74979115035869e-05	0	0	0	0	0	0.000538132941318154	0	0
chr2:191846000-191848000	0	0	0	0	0	0	0.00227931988613215	0	0	0	0	0	0	0	0	0	0	0	0	0	0	0	0	0	0	0	0
chr2:201282000-201284000	0	-0.0293051550905754	-0.0173134984507953	-0.0284152329067656	-0.0154875263008392	-0.0349345483353311	-0.0288427763779979	-0.0262532250545603	-0.02784249955699	-0.034818956848947	-0.0199051887417856	-0.0324329109440874	0	-0.0256247974879325	-0.0236425920197175	-0.0391419837181277	-0.00767920667747788	-0.0186266939326919	-0.0275065489796997	-0.0284743628057967	-0.0266256465137208	-0.0237884393628129	-0.0215474513844239	-0.0275651306553742	-0.0277229312492035	-0.0213196469767197	-0.0278158388004848
chr2:222288000-222290000	0	0.00392547117688952	0.00220029861328361	0	0	0	0	0.0110869747770129	0	0.00080272213619138	0	0	0	0	0	0	0	0	0	0	0	0	0	0	0	0	0
chr2:237484000-237486000	0.00378923042542373	0	0	0	0	0	0	0	0	0	0	0	0	0	0	0	0	0	0	0	0	0	0	0	0	0	0
chr2:242066000-242068000	0	0	0.00526062545772737	0	0.0296340542773719	0.00712622792509687	0	0.00165601798122301	0.0124167246643659	0.00317719737709073	0	0.0216233670868801	0.0208145455368385	0.0128187031530177	0.00172395063504274	0	0.0176430664264521	0.0395990477279407	0.0154339006474517	0.0128043820826369	0.0114901531814055	0.0241912872316195	0.0268621835044658	0.00761652241176144	0.0144196965803902	0.0127973131047701	0.0153562338831118
chr3:20436000-20438000	0	0	0	0	0	0	0	0	0	0	0	0	0	0	0	0	-0.00787535969728799	0	0	0	0	0	0	0	0	0	0
chr3:105762000-105764000	0	0	0.0215053499766896	0	0.00957708840393633	0.00278121622382827	0	0	0.00337156140073603	0	0	0.000443740741080314	0	0.00430331588368771	0.00159315717364858	0	0	0	0.00901637305465996	0.00854009141239674	0.00814639952518987	0	0.0177015475351127	0.00699302960106012	0.00895853809253434	0.00321597924415468	0.00870837239342331
chr3:124750000-124752000	0	0	0	0	0	0	0	0	0	0	0	0	0	0	0	0.0223638435925575	0	0	0	0	0	0	0	0	0	0	0
chr3:125740000-125742000	0	0	0	0	0	0	0	0	0	0	0	0	0	0	0	0	-0.000902942077592792	0	0	0	0	0	0	0	0	0	0
chr3:125770000-125772000	0	0	0	0	0	0	0	0	0	0	0	0	0	0	0	-0.00530393620441927	0	0	0	0	0	0	0	0	0	0	0
chr3:125886000-125888000	-0.0250642615969095	-0.0320063957951868	-0.0501177033554869	-0.0134621545663246	-0.0511939346121646	-0.0551075873571878	-0.0676062232189476	-0.0453011273624117	-0.0493329285621751	-0.0372001118197694	0	-0.0606446869757928	-0.0391197930372863	-0.0629267054849217	-0.0558029321140773	-0.0215216524800486	-0.00994449308171114	-0.0320642118335136	-0.0476499852256733	-0.0466676216462758	-0.0484267209084571	-0.0543829981835817	-0.0509675972192142	-0.048768974872137	-0.0502089178909152	-0.0716394337326395	-0.0488215347859826
chr3:127374000-127376000	0	0	0	0	0	-0.00309595481111093	0	0	0	0	0	0	0	-0.00138613001431025	0	0	0	-0.00824137073450925	0	0	0	0	0	0	0	-0.00183192031980647	0
chr3:128076000-128078000	0	0	0	0	0	0	0	0	0	0	-0.00113579791946838	0	0	0	0	0	0	0	0	0	0	0	0	0	0	0	0
chr3:129358000-129360000	-0.0312943405320115	-0.0458268461609261	-0.0313936470446579	-0.0185837452833829	-0.045072057463735	-0.0333518809334661	-0.0481257791876919	-0.0512607279396731	-0.0559380539268718	-0.0501103919357279	-0.0446599033567305	-0.0478137184895999	-0.0697092711029162	-0.0544923181042787	-0.0443601260063518	-0.0262536497188729	-0.0263925210500912	-0.0238366544991037	-0.0493723996319702	-0.0486570094715116	-0.0502572243204288	-0.0555450307088303	-0.0543800685528342	-0.0519335039088152	-0.0460491303054525	-0.040983152797381	-0.0495884637818246
chr3:134992000-134994000	-0.00461066122819228	0	0	0	0	0	0	0	0	0	0	0	0	0	0	0	0	0	0	0	0	0	0	0	0	0	0
chr3:140826000-140828000	0	0	0	0	0	0.00936046373899881	0.00311043001989152	0	0	0.00571360984573576	0	0	0	0	0	0	0	0	0	0	0	0	0	0	0	0.00260210706267029	0
chr3:149448000-149450000	0	0	0	0	0	0	0	0	0	0	0	0	0	0	0	0	0	0	0	0	0	-0.000474752344330364	0	0	0	0	0
chr3:194180000-194182000	0	0	0	-0.0109357411511828	0	0	0	0	0	0	0	0	0	0	0	0	0	0	0	0	0	0	0	0	0	0	0
chr3:195678000-195680000	0	0	0	0	0	0	0	0	0	0	0	0	0	0	0	-0.000614222031268173	0	0	0	0	0	0	0	0	0	0	0
chr3:195696000-195698000	0	0.000984013393486114	0.00852653625880528	0	0.00934865266013654	0	0.00264856900882512	0	0.0220631880832812	0.00340757133664229	0.00234468648525047	0.00817596730536647	0.0131586972643671	0	0	0	0.0318705748589439	0	0.00247353414706195	0.00246424003584623	0.000749033147380197	0.00575327939979882	0.00333105583429889	0.00161744331069282	0.00016537053897779	0.0123076985168315	0.00249150419771722
chr3:195746000-195748000	0.0405984911476417	0.00611984353461934	0	0.035115454091193	0.0107071975549158	0.017432302173029	0.00301378628873118	0.0134315866692336	0.00805680101886297	0.00582907135892694	0.00224021411335893	0.00324487457952994	0	0	0.0330306629271548	0	0.0644708471588117	0.0189311355786544	0.0108105399216188	0.0120519113623062	0.00910783292035402	0.0208319422540068	0.0124493189551913	0.0125943068461709	0.007071460295247	0.00592596594244554	0.0123590649895952
chr4:706000-708000	0	0.000314181382863262	0	0	0	0	0	0	0	0	0	0	0	0	0	0	0	0	0	0	0	0	0	0	0	0	0
chr4:3586000-3588000	0	0	0	0	0	0	0	0	0	0	0	0	0	0	0	0	0	-0.0025998482444926	0	0	0	0	0	0	0	0	0
chr4:9496000-9498000	0	0	0	0.00155029584800638	0	0	0	0	0	0	0	0	0	0	0	0	0	0	0	0	0	0	0	0	0.00129567647834165	0	0
chr4:10004000-10006000	-0.00983302186288476	0	0	0	0	0	0	0	0	0	0	0	0	0	0	0	0	-0.00121980178216202	0	0	0	0	0	0	0	0	0
chr4:49288000-49290000	0	-0.0192388933283816	-0.0177576765513871	-0.00937301676401095	-0.00948404924235112	-0.0185609324684534	-0.0163680290468756	-0.0183621000108691	-0.0238193331438632	-0.0139494965190364	-0.000556062571026286	-0.00933134175762035	-0.00530882187674844	-0.010521515733985	-0.0120142544050226	-0.0252746130580364	0	-0.0219268358405565	-0.0120579217593031	-0.0142362603726037	-0.0136135528238526	-0.00881607136347553	-0.0174343378311293	-0.0127764781296799	-0.0114400986616047	-0.0166888245844362	-0.012358815951553
chr4:84482000-84484000	0	0	0	0.00038512701975156	0	0	0	0	0	0	0	0	0	0	0	0	0	0	0	0	0	0	0	0	0	0	0
chr4:85684000-85686000	0	0.0146686920202205	0	0.0150535068170242	0.00606711814010229	0.0197788450889102	0	0.000337676522104071	0.0105067491256544	0.0285226376681612	0	0.014100214710086	0	0.0207089358594278	0.0130956088414363	0	0	0	0.0098193987477592	0.00818308760209176	0.0117466468517953	0.00560435661739247	0.0193848986112864	0.015588558432847	0.0125748921794864	0.0138065088187163	0.0100158593308801
chr4:110610000-110612000	0	0	0	0.00623473266775943	0	0	0	0.00652491606321402	0	0	0.00280946770951853	0	0	0	0	0	0	0	0	0	0	0	0	0.00208546254343457	0	0	0
chr4:119742000-119744000	0	0	0	0	0	-0.0069772794085596	-0.0175628672076633	-0.00131824277739994	-0.00233041873425535	0	0	-0.00419362365801042	-0.00253108539144769	-0.0125616844642018	0	0	0	0	-0.00101597092849446	-0.00202872980658025	0	-0.021742469828707	-0.00926634372997254	0	-0.00425344909047475	-0.00423732593973883	-0.00126539503213318
chr4:157220000-157222000	0.0218103634260196	0	0	0	0	0	0	0	0	0	0	0	0	0	0	0	0	0.0222219303902512	0	0	0	0	0	0	0	0	0
chr4:183614000-183616000	0	0	0	0	-0.00922822242371102	0	0	0	0	-0.00616112628847081	0	0	0	0	0	0	0	0	0	0	0	0	0	0	0	0	0
chr4:189880000-189882000	0	0	0	-0.0275955419395531	0	0	0	0	-0.00135011147128147	0	0	0	0	0	-0.0047312041762154	0	0	-0.0182363602057072	0	0	0	0	0	0	0	0	0
chr5:688000-690000	-0.00649604155230012	-0.0050227633195766	-0.0187738135362402	-0.00363000002926436	-0.00953886665890218	-0.00695065532838166	-0.00984750970807335	-0.0174392094687561	-0.0153215849249525	-0.0314145230739154	-0.0104301439294599	-0.0108671259416648	-0.0165775112606873	-0.0113327837804037	-0.019220272599504	0	-0.009590731534716	0	-0.0115915034455679	-0.0108210184752044	-0.0132229409706695	-0.00539744297573231	-0.0106349415315121	-0.0108574388116615	-0.00806054456876977	-0.0161048382264238	-0.0118118466421789
chr5:748000-750000	0	0	0	0	0	0	0	0	0	0	0	0	0	0	0	0	0	0.00407355388622745	0	0	0	0	0	0	0	0	0
chr5:836000-838000	0	-0.0306983178151823	-0.0166653395477818	0	-0.017382949348075	-0.015198902591259	-0.0266853961292119	-0.0190562786047604	-0.0228317928124941	-0.0114156420533245	0	-0.0173391973914344	-0.0035343556251616	-0.00299459417849551	-0.00810632313090648	-0.0187998904039683	-0.0519777937610618	-0.0418968607714371	-0.0204569972620513	-0.0217836862079526	-0.0186106701127384	-0.0172992166332669	-0.0195061954674526	-0.0185635571503539	-0.016902042886381	-0.0258984536250955	-0.0203652446088117
chr5:842000-844000	0	0	0	0	0	0	0	0	0	0	0	0	0	0	0	-0.00642613002011404	-2.40705603668571e-05	0	0	0	0	0	0	0	0	0	0
chr5:1178000-1180000	0	0	0	0	0	0	0	0	0	0	0	0	0	0	0	0	0.0136683096774681	0	0	0	0	0	0	0	0	0	0
chr5:16178000-16180000	0	0	0	0	0	0	0	0.00336935625020913	0	0	0	0	0	0	0	0	0	0	0	0	0	0	0	0	0	0	0
chr5:21482000-21484000	-0.0119165573312457	0	-0.0174795946263007	-0.0312709883424109	0	-0.00401337018157298	-0.0158413342486238	0	0	0	-0.00134624494032691	0	-0.00828244444512312	-0.00607730269915548	-0.000302771325543649	-0.00537118193066395	0	-0.0209859389958286	-3.2988680454114e-05	-0.0016230164209924	-0.00359772290460998	0	0	-0.000772200923412169	-0.00142050123900046	-0.00942586265365846	-0.000191204893343544
chr5:21492000-21494000	-0.05248870932274	-0.0397360636012586	-0.0076566169757056	-0.0198424261985691	-0.0138633872666777	-0.0249364922395769	-0.0192358378631584	-0.028405082818533	-0.0154601491414237	-0.015478065348721	-0.00311486096423229	-0.0297635506986209	-0.00963634530131775	-0.0209802915977362	-0.00563856645790741	-0.0500341682428301	-0.0269747103478633	-0.0214765301071075	-0.0243174047213102	-0.0243262911842738	-0.0233545399150281	-0.0278844369524186	-0.0232591871844957	-0.0254655733734766	-0.0257141726981924	-0.00900209360489711	-0.0241215702370931
chr5:21494000-21496000	-0.00378554468950165	0	0	0	0	0	0	0	0	0	-0.00752921794405014	0	0	0	0	0	0	0	0	0	0	0	0	0	0	0	0
chr5:21496000-21498000	0	0	0	0	0	0	0	0	0	0	0	0	0	0	0	0	-0.00444908161408707	0	0	0	0	0	0	0	0	0	0
chr5:33554000-33556000	-0.0145147908897541	-0.01185440356261	-0.0219834324253694	0	-0.0124908760255709	-0.00204154490084166	-0.00359733777616459	-0.00455693286755568	0	-0.0149345403366013	-0.0235727515891432	0	0	-0.00602976417808588	-0.00438366891753849	0	-0.0181435190046421	0	-0.0149156220837507	-0.0158027911525385	-0.0184195590887115	0	-0.0139006213689915	-0.0167693177593637	-0.0209897783651747	-0.00810074402383706	-0.0147184384750281
chr5:37562000-37564000	0	0.000596920632839666	0	0	0.00662909754232952	0.0108726981646351	0	0.00255705647254299	0.0187734108589524	0.0166121833256885	0	0.00191771022745589	0.0105731965602689	0.00434504515152378	0	0.00116964783617322	0	0	0.00450865063149644	0.00627435341734798	0.00716475023015458	0.00220080115747766	0.00630819329875579	0.00370954068377867	0.00302873402650682	0.00727107859534726	0.00519774092822379
chr5:149180000-149182000	0	0	0	0	0	0	0	0	0	0	0	0	0	0	0	0.00266936783268234	0	0	0	0	0	0	0	0	0	0	0
chr5:150640000-150642000	0	0	0	0	0	0	0	0	0	0	0	0	0	0	0	-0.0102019710923002	0	0	0	0	0	0	0	0	0	0	0
chr5:167940000-167942000	0	0	0	0	0	0	0	0	0	0	0	0	0	0	0	0	-0.000772233651615374	0	0	0	0	0	0	0	0	0	0
chr5:169976000-169978000	0	0	0	0	0	0	0	0	0	0	0	0	0	0	0	-0.010933206807245	0	0	0	0	0	0	0	0	0	0	0
chr5:171402000-171404000	0.00310978706240271	0	0.0209231543594007	0	0.00666830048626746	0	0.0144679594697363	0.0138087560801555	0.00627943644399699	0.00362714480686264	0	0.00769228417503565	7.84703953834611e-05	0	0.00957883258630151	0	0	0	0.00256338410801755	0.00293900323578063	0.00266028470848569	0.00734163917127941	0.000387521888072144	0.000869999542828335	0.00468250259318246	0	0.00226249728592867
chr6:392000-394000	0.0057206465335392	0	0	0	0	0	0	0	0	0	0	0	0	0	0	0.00529455830468683	0	0	0	0	0	0	0	0	0	0	0
chr6:3522000-3524000	0	0	0	0	0	0	0	0	0	0	-0.0130046124292059	0	0	0	0	-0.0042183742167273	0	0	0	0	0	0	0	0	0	0	0
chr6:8434000-8436000	0.00127586467896374	0.00623496313385195	0.0113362314014748	0	0.00820559790281885	0.0163861612980539	0.015225916479933	0.00383496416482534	0	0.0128364863236047	0	0.0149881368635567	0	0.0247667014548884	0.0293817503380486	0.0240778073858205	0.0422525954083271	0.0242794457701155	0.0179643925870356	0.0171842562604046	0.0201838789263472	0.0108100047567385	0.0155552751217529	0.0138176417583823	0.0128932852058491	0.00673851256838253	0.0188535671412526
chr6:9398000-9400000	0	0	0	0	0	0	0.00888822709441559	0	0.00433907940425171	0	0	0	0	0	0.00411485254759753	0	0	0	0	0	0	0	0	0	0	0	0
chr6:9402000-9404000	0	0	0.00123798644954234	0	0	0	0	0	0.00522574991784886	0	0	0	0.00782147396681073	0.00343230141993733	0.00840550669740083	0	0	0	7.42759838009702e-05	0	0	0.00562161475311185	0	0.00373484044954875	0	0	0.000168441004849309
chr6:18980000-18982000	0	0	0	0	0	0	0	0	0	0	-0.0103764015997064	0	0	0	0	0	0	0	0	0	0	0	0	0	0	0	0
chr6:31188000-31190000	0	0	0	0	0	0	0	0	0	0	0	0	0	0.00735471608432412	0	0	0	0	0	0	0	0	0	0	0	0	0
chr6:32810000-32812000	0	-0.0223551099438869	-0.0185447419526018	-0.0670652845996023	-0.00584104536619451	-0.0225874832282522	-0.025732287566863	-0.0152176956489332	-0.0231723219053276	-0.0264387773467023	-0.054038202589006	-0.0434933843479421	-0.0524963011983222	-0.0241725349393441	-0.0272608876976988	-0.0434941777402683	-0.0501409583419568	-0.0242001855782421	-0.0282882679977661	-0.0265227890464579	-0.025335958194095	-0.0210636682009682	-0.0276566070169888	-0.0253029537894367	-0.0252113975000549	-0.0299985637733074	-0.027492799464069
chr6:33060000-33062000	0.00352525764163507	0	0	0	0	0	0	0	0	0	0	0	0	0	0	0	0	0	0	0	0	0	0	0	0	0	0
chr6:35792000-35794000	0	0	0.00465092379958277	0.00094117333079241	0	0	0	0.00906970113390114	0	0	0	0	0	0.0106321553638685	0	0.00129959636659279	0	0	0	0	0	0.00241712904118467	0.00160006699621101	0	0.000403729569738816	0	0
chr6:40968000-40970000	0.000878918746883131	0	0	0	0	0	0	0	0	0	0.00555977149166169	0	0	0	0	0	0	0	0	0	0	0	0	0	0	0	0
chr6:41374000-41376000	0	0	0	0	0	0	0	0	0	0	0	0	0	0	0	0.00074378541128389	0	0	0	0	0	0	0	0	0	0	0
chr6:134200000-134202000	0	0	0	0	-0.00367254301527871	0	0	0	0	0	0	0	0	0	0	-0.000648621717905232	0	0	0	0	0	0	-0.00479441421065336	0	0	0	0
chr6:157280000-157282000	0	0	0	0	0	0	0	0	0	0	0	0	0	0.00203082048553488	0	0	0.0078153580634634	0	0	0	0	0	0	0	0	0	0
chr6:158240000-158242000	0	0.0331042950651755	0.0344935759179387	0.0149911098289639	0.0410404747557535	0.0400647868059326	0.0450515991888859	0.0366510428708551	0.0435500810232257	0.0302243802928062	0.0460513072200691	0.0578672112631385	0.0390308031423667	0.0323025347091658	0.0377145869784201	0.0455785110154861	0.0258494602389961	0.0235656339956908	0.039531043576478	0.0383281358824186	0.0381589469828925	0.0388022647863363	0.0370478811771241	0.0362602847414059	0.0372572765991335	0.0415454665596651	0.0391663875995973
chr6:160634000-160636000	0	0	0	-0.00473382430651807	0	0	0	0	0	-0.013344545182423	0	0	0	0	0	0	-0.0111923082455609	-0.000144242319033218	0	0	0	0	0	0	0	0	0
chr7:1038000-1040000	0.00632883499292902	0.042027713251566	0.0183408008699614	0.0315695598660229	0.0334437687320754	0.0353351061536958	0.0324056376532675	0.0178261404294676	0.0213494976671587	0.0390854471054517	0.0413799101054744	0.0298939377043227	0.00411591438784895	0.0315716767938568	0.0279340271274049	0.0248551662029937	0.028236039969173	0.0174758936949695	0.0359310591154987	0.0359359648433571	0.0390342331848278	0.0343366721308928	0.0388509099885381	0.038841825195923	0.0328812665468644	0.0357343575641371	0.0358340158775405
chr7:25670000-25672000	0	0	0	0	0	0	0	-0.000187002611904757	-0.00329605372141253	0	0	0	0	0	0	-0.00626517940016189	0	0	0	0	0	0	0	0	0	0	0
chr7:27142000-27144000	0	0	0.00530283777613055	0	0	0	0	0	0	0	0.00332136662794951	0	0.00774799172269118	0	0	0	0	0	0	0	0	0.00114266352884735	0	0	0	0	0
chr7:68230000-68232000	0	0	0	0	-0.0264064534692309	-0.00637709709431899	-0.00212214160034165	-0.0142221122337548	-0.0147465696862266	0	-0.0146739999498549	-0.0143775007491498	0	-0.00965396554451428	-0.00936814186115404	0	0	0	-0.0107323353176118	-0.0123283547867923	-0.0127766990231786	-0.0103739749709136	-0.0220233342207642	-0.0078933456062963	-0.0124159794036015	0	-0.0119299458647078
chr7:74414000-74416000	0	0	0.00174166270570183	0	0	0	0	0	0	0	0	0	0	0	0	0	0	0	0	0	0	0	0	0	0	0	0
chr7:77076000-77078000	0	0	-0.0071957141215352	-0.00763226710730799	0	-0.00957211798821632	-0.013604018775701	0	0	-0.00178416530202945	0	-0.00793134609291421	0	-0.000202752407847093	0	-0.000458086211551738	0	0	-0.00139119430757193	-0.000545278628480731	-0.00190151131138991	-0.00964404157850618	-0.00496696696537542	-0.004482046242312	-0.000888218341373653	0	-0.00162885582598392
chr7:77094000-77096000	0	0	0	-0.0220870230855231	0	0	0	0	0	0	0	0	0	0	-0.00173557549629514	0	0	0	0	0	0	0	0	0	0	0	0
chr7:95504000-95506000	0	0.000741504870129927	0	0.0182283229514212	0.0176727595697425	0.0185980583198868	0.0122192402816558	0.00874918965376395	0.0205490326983267	0.0136090166411108	0.0103848880934227	0.00740601940158225	0.0147384364325802	0.0106950953967693	0.0069107264461769	0.0166400040387953	0	0	0.0131368779887099	0.00966188660856267	0.00796976950092952	0.0117093589795796	0.0139093635253811	0.0126341889721359	0.0114016316886889	0.0155983886566208	0.011628317535071
chr7:140488000-140490000	0	-0.00989363137960661	-0.0204443055994033	0	0	0	0	0	0	0	-0.012899704125988	0	0	-0.00131687155376749	-0.000904650124258068	-0.00332992524343481	0	-0.0120049188258946	0	0	0	0	0	0	0	0	0
chr7:142474000-142476000	0	-0.01348499714399	-0.00821731129104542	0	-0.00423149771116856	-0.00840591435504729	0	-0.0192461110059712	0	0	0	0	0	0	0	0	0	0	-0.00486319155220022	-0.00443806192389828	-0.00122113533990648	-0.0119497662856881	-0.00290094670804064	-0.00147107741209837	-0.00323397059087175	-0.0099381334016675	-0.00512115772981568
chr7:144256000-144258000	0	0.00109558223746073	0	0.00779059773136994	0.000979211390607909	0.00581585560209459	0.0123418527776203	0.0202979054483294	0	0.00373327305920508	0	0	0.0335492535658423	0	0.00607045139249437	0	0	0.0119257947009642	0.00219074303002172	0.000167266999741362	0.00325128205306434	0.00369826786039833	0.00719819140635813	0	0.00328857697623064	0.00931800726938685	0.00173788372342558
chr7:150972000-150974000	0	0	0	0	0	0	0	0	0	0	0	0	0	-0.000460227503652554	0	0	0	0	0	0	0	0	0	0	0	0	0
chr7:155166000-155168000	0	0	0	0.000993052279958855	0	0	0	0	0	0	0	0	0	0	0	0	0	0	0	0	0	0	0	0	0	0	0
chr8:388000-390000	0	-0.00516054539686462	-0.00232863056379129	0	0	-0.0250146245095206	0	-0.0212510541525011	-0.00439051596109612	-0.00120272064346774	0	0	0	0	-0.00699654615460909	0	0	-0.0219119444324192	0	0	-0.000240672608534422	0	-0.000119694900789033	-0.000564464124385962	-0.00797132961400921	-1.78540153489903e-05	0
chr8:7916000-7918000	0.0518009114033851	0.0155567233235434	0.020117032525013	0	0.0164844197707818	0.0148019956468919	0.0143282007039513	0.00430313197421848	0.0192601192020777	0.0270319810150705	0.00788133991041785	0.0259843427912566	0.00369943915539637	0.0149233748164282	0.0124851509176798	0	0.0401124512045542	0	0.0196032270807286	0.0195694518811258	0.0176460778323313	0.0237243642783654	0.0129510952564003	0.0213659867767928	0.0189069003810726	0.0160107753829002	0.0198850881961171
chr8:12648000-12650000	0	0	-0.0100311130630711	0	0	-0.00223851278281514	0	0	0	0	-0.0232637143288055	0	0	-0.00893502312489415	0	0	0	0	0	0	0	-0.0158836020846476	0	-0.0029393707669464	0	0	0
chr8:12658000-12660000	-0.00394097189409487	-0.0100012256928199	-0.00690067237660809	-0.00204738134129017	-0.00365512918968987	-0.00452459797203795	-0.00234758530003291	-0.0091429344478102	0	-0.0219659170237118	-0.00470840724734572	0	0	-0.0116666453312207	0	0	-0.0110165382140887	0	-0.00149330823358854	-0.000410754085493736	-0.00282346600618152	-0.00577917930094324	-0.00419446198392159	0	0	-0.00287627984023522	-0.00137320919633626
chr8:15572000-15574000	0	-0.0212719227540049	-0.0168810674788072	0	-0.00841018399554309	0	-0.0163860526030145	-0.00273761161899292	-0.0164281167358512	-0.00137466044036777	0	-0.0161787391117356	0	0	-0.0172373013661069	-0.00760285992742133	-0.00872871697961578	-0.00948261423485813	-0.00588040457674756	-0.0106652966600634	-0.00109844621396336	-0.0132332923918564	-0.0114142637013845	-0.0130026973424353	-0.00371885616634327	-0.00432819675047759	-0.00654022064350663
chr8:16536000-16538000	0	0	0	0	0	0	0.000134686732190819	0	0	0	0	0	0	0	0	0	0	0	0	0	0	0	0	0	0	0	0
chr8:20274000-20276000	0	0	0	0	0	0	-0.00334919309791994	-0.0159656065790502	0	0	-0.000522794778898645	0	0	-0.00254803782165595	0	0	0	0	0	0	0	0	0	0	0	0	0
chr8:25210000-25212000	-0.0433998722884103	-0.0600354629743694	-0.0462751498564418	-0.0529394353623542	-0.0390730490772009	-0.0402691413924776	-0.0505767910267848	-0.0514447526353149	-0.0490556620679435	-0.0581108766475485	-0.0437663343199283	-0.0507796885439381	-0.0691598506020672	-0.0517683281238925	-0.0491371988308426	-0.0552880990417217	-0.0404002231047261	-0.0833409768768233	-0.0526252506841605	-0.0541280317889425	-0.0558532657494937	-0.0488207099828662	-0.0562573171452953	-0.0550153516688325	-0.0526138552126988	-0.0542748574660841	-0.0530213431912551
chr8:27594000-27596000	-0.00489346420447692	0	0	0	0	0	0	0	0	0	0	0	0	0	0	0	0	0	0	0	0	0	0	0	0	0	0
chr8:30746000-30748000	0.0377243586394681	0.0682231801022947	0.0559893488330152	0.0776079606355379	0.0622694429256263	0.0612862673265963	0.0637949162349494	0.0542136212668208	0.0429007235686459	0.0720151575240535	0.0709299688465136	0.0639798679064604	0.0465296981693178	0.0570485267235735	0.0635230546434077	0.054884301124734	0.033420630086895	0.070752711644	0.0624907100838078	0.0642088193793938	0.0674987527449309	0.0566549137705879	0.0721312723110824	0.0653444812837504	0.0622275742027927	0.0539481107676232	0.0628833597766938
chr8:38078000-38080000	0.00089314732762121	0.00091567785251393	0	0	0	0	0	0	0	0	0	0.0107888134720872	0.0171651984977256	0	0	0	0	0	0	0	0	0	0	0	0	0	0
chr8:38788000-38790000	0	0	0	0	0	0	0	0	0	0	0.00470134197837696	0	0	0	0	0	0	0	0	0	0	0	0	0	0	0.00262614212609892	0
chr8:40920000-40922000	0.0188916650635761	0.0208657732443009	0.0431576636564486	0.0265039014573579	0.0423820270473776	0.0364298403198667	0.0338635184310373	0.0151379325378262	0.0471693479991179	0.0244620199491054	0.0223934100612257	0.0347036074676879	0.0598061163210351	0.0243850311570466	0.0421248675179646	0.0490457993504918	0.0472654039938514	0.0179942624374182	0.0333926024461412	0.0347207728422518	0.0389493429638981	0.0390054410434699	0.0368820578890403	0.0344786202483904	0.0317208436349634	0.0203831968081177	0.0339415732435436
chr8:41896000-41898000	0	0	0	0	0	0	0	0	0	0	0.00500113178173231	0	0	0	0	0	0	0	0	0	0	0	0	0	0	0	0
chr8:42520000-42522000	0	-0.0141845950874117	-0.000899661468214067	0	-0.0089625636466683	-0.00390694589048131	-0.00886141637887638	0	-0.0149476606527282	-0.018375578551271	-0.00144081382295478	-0.00470749239206867	0	-0.0050624659537754	-0.0191830250218176	-0.0271588812349475	0	0	-0.0134237729807095	-0.013357739656554	-0.0135899791597014	-0.0173834238086312	-0.0156587696677359	-0.0168427261580537	-0.0183616787498154	0	-0.0135871022533838
chr8:96268000-96270000	-0.00490311206181383	0	0	0	0	0	0	0	0	0	0	0	0	0	0	0	0	0	0	0	0	-0.00088403670908632	0	0	0	0	0
chr8:126556000-126558000	0.0022233761833576	0	0	0	0	0	0	0	0	0	0	0	0	0	0	0	0	0	0	0	0	0	0	0	0	0	0
chr8:144202000-144204000	0	0	0	0	0	0	0	0	0	0	0	0	0	0	0	0	0	0	0	0	0	0	0	0	0	0.000383528049582454	0
chr9:2426000-2428000	0	0	0	0	0	0	0	0	0	0	0	0	0	0	0	0	-0.00599879351904322	0	0	0	0	0	0	0	0	0	0
chr9:2810000-2812000	0	0	0	0	0	-0.00467662440006492	0	0	-0.000134233624243087	-0.00181126976360183	-0.00535053093670507	-0.000354571096973002	0	0	0	0	0	-0.00941730741958581	0	0	0	0	0	-0.000685879115608807	0	0	0
chr9:6702000-6704000	0.00761004885272935	0	0	0	0.00729476956593418	0.000480230335560849	0	0	0.00269789016651767	0.000443447366048294	0	0	0	0.0178086511538667	0	0.0298075905844224	0.0307543730782786	0.00671726114570623	0.00251656739314501	0.00435462499136473	0.000877494731965558	0.00894225819588387	0	0.000582329833666302	0.00682940477791459	0.00437933341201597	0.00297025287031206
chr9:14308000-14310000	0	0	0	0	0	0	0	0	0	0	0	0	0	0	0	-0.014703406065597	0	0	0	0	0	0	0	0	0	0	0
chr9:18482000-18484000	0	0.00161599222738625	0.00230322767168308	0	0	0	0	0	0	0	0	0	0.00237467543635194	0.00113500566830819	0	0	0	0	0	0	0	0.00136876326176532	0.00100112104181844	0.00239686264656495	0	0	0
chr9:77534000-77536000	0	0	-0.00280356325208297	0	0	0	0	0	0	0	0	0	0	0	0	0	0	0	0	0	0	0	0	0	0	0	0
chr9:82596000-82598000	-0.00715655947672832	0	0	0	0	0	0	0	0	0	0	0	0	0	0	0	0	0	0	0	0	0	0	0	0	0	0
chr9:87370000-87372000	0	0	0	0	0	0	0	0	0	0	0	0	0	0	0	0	-0.0121098322873292	0	0	0	0	0	0	0	0	0	0
chr9:114894000-114896000	0	0	0	0	0	0	0	0	0	0	0	0	0	0	0	0	0	-0.00104486683531801	0	0	0	-0.00530467419938074	0	0	0	0	0
chr9:117206000-117208000	0	0	0	0	0	0	0	0	0	0	0	0	-0.000901164140729751	0	0	0	0	0	0	0	0	0	0	0	0	0	0
chr9:137150000-137152000	0	0	0	0	0	0	0	0	0	0	0	0	0	0	0	0	0	0	0	0	0	0	0	0	0	0.000131321826934729	0
chr10:3428000-3430000	0	0	0	0	0	0	0	0	0	0	0	0	0	0	0	-0.000261893334854923	0	0	0	0	0	0	0	0	0	0	0
chr10:4248000-4250000	0	0	-0.0100585537175409	0	-5.6241616226504e-05	0	-0.001130831127961	0	0	0	0	0	0	0	0	0	0	-0.0332575899922306	0	0	0	0	0	0	0	0	0
chr10:14056000-14058000	0	0	0	-0.00914286716020736	0	0	0	0	0	0	0	0	0	0	0	0	0	0	0	0	0	0	0	0	0	0	0
chr10:17194000-17196000	0	0	0	0	0	0	0	-0.00248211672131117	-0.000119141921990993	0	0	0	0	0	0	0	0	0	0	0	0	-0.00422026384707739	-0.00262323598296092	0	0	0	0
chr10:22536000-22538000	0.00435293390967588	0	0	0	0	0	0	0	0.0214641687507725	0.00565651214882057	0	0.0011359025530668	0	0	0.00239937435828065	0	0.0133681479053539	0	0.000861557070349338	0.000482531540339941	0.0014354861191179	0	0.00757034025200183	0	0.0026928671190723	0.00756572873573975	0.00110423376017374
chr10:44788000-44790000	-0.0292214146734843	0	0	-0.0359464533766239	-0.00205844366461096	0	0	-0.000301284279307414	0	0	0	-0.00942876513169359	0	-0.004550599387733	0	-0.0116726518145576	0	0	0	0	0	0	0	0	-0.00104449334353075	0	0
chr10:79706000-79708000	0	0.0146242560415188	0.0196935541153556	0.0298218199057035	0.0235211240443299	0.0372735842441928	0.0339724872522026	0.0183494241111542	0.0134529611834425	0	0.00205148627064133	0.00414831740323742	0.0540954762486282	0.00943741774168247	0.0238073975849776	0.0259295478612945	0.0229647914578018	0.0087720111216246	0.0172848395370623	0.0165839539122688	0.0156515851814491	0.00870461133048176	0.0132453734900396	0.0153109386798401	0.0174434229628014	0.00834830344371454	0.0162184491571807
chr10:79708000-79710000	0	0.043404350347252	0.0371448317932227	0.0155553055952188	0.0187847848489403	0.0312307558111458	0.0105264002312947	0.0245193764771361	0.0340024743428805	0.044288267812758	0.0503870567812304	0.0252398431932689	0.0403901801826712	0.0181709560219964	0.0353904161936508	0.0387534004185347	0.0367867230014973	0.0497467820335895	0.0291209191359931	0.0311066084192342	0.0325786642946731	0.0300636252648592	0.0241618965186345	0.0265092404178753	0.0292886895343675	0.0334970679412016	0.0306995118439091
chr10:93282000-93284000	0	-0.00567745880016889	-0.0289595276107242	0	-0.0174754825312649	-0.0120408730392408	-0.0114353239839888	-0.00362600322489049	-0.0202632290482172	-0.00457904878236633	-0.00166500272423394	-0.00272671327720305	-0.00868642420178796	-0.00197361853523885	-0.00412022739927863	0	-0.0170436278791519	-0.0196801879003255	-0.00723743645116871	-0.00722815335175491	-0.00654262268572814	-0.00307478899750336	-0.0110716299341378	-0.00696176889673517	-0.0103058306024958	-0.012751028396379	-0.0076712456811624
chr10:97882000-97884000	0	0	0	0	0	0	0	0	0	0	0	0	0.000375485379110208	0	0	0	0	0	0	0	0	0	0	0	0	0	0
chr10:112352000-112354000	0.00180287159390213	0	0	0	0	0	0	0	0	0	0	0	0	0	0	0	0	0	0	0	0	0	0	0	0	0	0
chr10:122584000-122586000	0	-0.00362893363309832	-0.014257355949901	-0.0237280960300613	-0.0453076175224483	-0.0109769821299692	0	-0.0129838156106317	-0.0303232753030068	-0.00880338661052608	0	-0.0246912711328829	-0.0089171917677431	-0.0026537323193762	-0.00419734097554924	0	0	0	-0.0182824842946462	-0.0171750780695922	-0.0181281944754733	-0.0169275144202342	-0.0106700584512156	-0.0211898117246787	-0.0213592816628418	-0.000132480869353672	-0.0186029887725253
chr10:122590000-122592000	-0.0559295596138606	0	-0.00205675582252507	0	-0.000680799163743891	-0.0127578430956984	-0.016315610006607	-0.0132016003905064	-0.0224209357955979	0	0	-0.00383182338444673	-0.00199170019639645	-0.0322579672727766	-0.0174527122490596	0	0	-0.0207090196941276	-0.00900668121779595	-0.0120635796207407	-0.00960821930493737	-0.0116162052427523	-0.00734278922660926	-0.00825930122794831	-0.00526403920313613	-0.0154298254882457	-0.00908898626661004
chr10:123962000-123964000	0	-0.00727897787910374	0	0	-0.0140064564604211	0	0	0	0	0	-0.00466028799603119	-0.00834477024076069	0	-0.022516609347472	-0.0116740560432977	0	0	0	-0.00443721510513376	-0.00354014454177897	0	-0.00520521577140904	-0.00314821037554517	-0.00352746935940046	-0.00410747025116991	0	-0.00292295180750356
chr10:126280000-126282000	0	0	0	0	0	0	0	-0.00389158663102563	-0.0123208129950773	-0.0055088566862127	-0.00516212077792418	0	0	0	0	0	0	-0.0232729105544458	0	0	-0.00132456229545479	0	-0.003637444107811	-0.00486847363329847	-0.00239434963898105	0	-0.000411737465151776
chr10:126288000-126290000	0	0	0	0	0	0	0	0	0	0	0	0	0	0	0	-0.00578491774447258	0	0	0	0	0	0	0	0	0	0	0
chr10:126334000-126336000	-0.00365440480874206	-0.00428200832083812	0	0	-0.00197752053167994	0	0	-0.00435866802638702	0	0	0	-0.0149034273285977	0	-0.00420044568973239	0	0	0	-0.0203623885395811	0	0	-0.00328907305289553	0	-0.000867792173571999	0	0	-0.008988068562697	0
chr10:126392000-126394000	-0.0122280774209622	0	0	0	0	0	0	0	-0.000165233647653632	0	0	0	0	0	0	0	0	0	0	0	0	0	0	0	0	0	0
chr10:126402000-126404000	0	-0.0159517676385636	0	0	-0.0103562935785147	-0.00895572629570545	0	0	-0.000243276011695375	0	0	-0.000472968524757824	-0.0420215206445925	-0.0233431553336798	-0.0138298030733053	0	0	-0.000231187910750129	-0.00767639666537579	-0.00915998726308285	-0.000167047314078947	-0.00621856412236769	-0.0105721489812002	-0.00804373897602267	-0.0100045789776907	0	-0.00765720536105289
chr10:131918000-131920000	-0.0993781415424548	-0.0717766765190817	-0.0889956013378965	-0.0441676722280055	-0.0637861698053396	-0.0870033489326701	-0.0851567060238227	-0.0824576161469165	-0.0805278770986778	-0.0531323241780259	-0.0909163430321527	-0.0960887260545501	-0.0814372006080743	-0.0814313751615261	-0.0878189328013117	-0.0637329555990506	-0.116082713680026	-0.0588340609973394	-0.0779174533706851	-0.0797594444195844	-0.075636798317583	-0.0767769644723902	-0.076386971509398	-0.076714130508907	-0.0788865039442782	-0.080541422962343	-0.0784792997429793
chr11:308000-310000	-0.00038128459854136	0	0	0	0	0	0	0	0	0	0	0	0	0	0	0	0	0	0	0	0	0	0	0	0	0	0
chr11:1160000-1162000	0.017133128705213	0.0353206230633406	0.0111408653678637	0.0394060924041479	0.0182196455145096	0.0105194784691204	0.0244478070983803	0.0328158611620889	0.0190298509285639	0.0248911192713696	0.0338820134652121	0.0338532791997048	0.0304889467871559	0.0290686139755678	0.0244788460382354	0.0292291854850927	0	0.0354917518220517	0.0246256885479957	0.0247148777302307	0.0226063054033954	0.022360353158498	0.0265224085229112	0.0219144238294157	0.0271270843094031	0.0207311036915355	0.024813050592126
chr11:1890000-1892000	0	0	0	0.0403952326166644	0.0106553826799337	0	0.0241909623369897	0.0154857201584478	0.00490508634047049	0.0361891108306993	0	0.0195079479646342	0.0242210338527296	0.0310429417648816	0.0113075022605306	0	0.0284075168575805	0.0153512050150701	0.0196553954883483	0.017445917605675	0.0207590417379703	0.0202095192929728	0.0121959181859768	0.0217403359342197	0.0175435253134411	0.0216059048638907	0.0195054166427247
chr11:2732000-2734000	-0.00102068888625279	0	0	0	0	0	0	0	0	0	0	0	0	0	0	0	0	0	0	0	0	0	0	0	0	0	0
chr11:9002000-9004000	0.0199402595148442	0.0510570009041505	0.0787406942303563	0.0756444226692812	0.0373900096282688	0.0590557924775358	0.0662262713445345	0.0511509784623147	0.0474078140961032	0.0977481202763612	0.0536048905321549	0.054302484085705	0.0631715667202341	0.0806799344513921	0.0525719147575006	0.0300337952621303	0.0301136337614032	0.0573390031093065	0.0617495980045678	0.0616755923836408	0.058090738548664	0.0740121810863814	0.0651342563109661	0.0610834043551997	0.0667606332335045	0.060353404272373	0.0615253208209752
chr11:9504000-9506000	0	0	0	0	0	0	0	0	0	0	0	0	0	0	0	0	0	0.000663614563654673	0	0	0	0	0	0	0	0	0
chr11:14326000-14328000	0.0111424675205178	0.0330643784199988	0.0205966373284397	0.00903115925735762	0.0251337618350753	0.0148608783972386	0.0386361621557901	0.0341738307019244	0.0125120732413386	0.0419185296864075	0.0168673578251083	0.0226117682345038	0.0475249306193073	0.00756790938153736	0.0185009220206592	0.0545131667853843	0.0125692061360155	0.0374612572693426	0.0302493816079556	0.0313554102559389	0.028496719228162	0.0160478182322917	0.035199962217464	0.030130832732176	0.0309902215432354	0.0335633089864467	0.0292210959392879
chr11:20862000-20864000	0	0	0	0.0087601687078417	0	0	0.000113069479225107	0	0	0	0.0020763501803584	0	0	0	0	0.0190885993894393	0	0.00273474776635183	0	0	0	0	0.00370533230564289	0	0	0	0
chr11:61202000-61204000	0	0	0	0	0	0	0	0	-9.89754020132551e-05	-0.00580393553354364	0	0	-0.0226847973659698	0	0	0	0	0	0	0	0	0	0	0	0	0	0
chr11:68300000-68302000	0	0	0	0	0	0	0	0	0	0	0	0	0	0	0	-0.00421709528670168	0	-0.00150040231460427	0	0	0	0	0	0	0	0	0
chr11:117862000-117864000	0	0	0	0	0	0	0	0	0	0	-0.0123811595100139	-0.000628851944892283	0	0	0	0	0	0	0	0	0	0	0	0	0	0	0
chr11:120096000-120098000	-0.00166461845524036	0	0	0	0	0	0	0	-0.00205746171332963	0	0	0	0	-0.0076323397849975	0	0	0	0	0	0	0	0	0	0	0	0	0
chr11:121700000-121702000	-0.00494786799533051	0	0	0	0	0	0	0	0	0	0	0	0	0	0	0	0	0	0	0	0	0	0	0	0	0	0
chr11:122672000-122674000	0	-0.00133321403867555	-0.011257712367434	0	-0.00361346274445385	-0.000636443616275155	0	-0.00132715279128729	-0.00239483585867382	-0.0146799420719407	0	-0.00655001607275831	-0.0138322184064343	-0.0102653875448024	-0.0256673247246281	0	-0.00479556789422083	0	-0.0106706065607338	-0.0117720249871921	-0.00675623699350857	-0.0123552598529725	-0.00724486970859428	-0.0127051780627935	-0.0104335432604668	-0.0119374921987742	-0.0106839944829145
chr12:530000-532000	0.00994488436367746	0	0	0	0	0	0	0	0	0	0	0	0	0	0	0	0	0	0	0	0	0	0	0	0	0	0
chr12:7934000-7936000	0	9.06668522095071e-05	0	0	0	0	0	0	0	0	0	0	0.0145924482852228	0	0	0	0.00796981498886361	0	0	0	0	0	0	0	0	0	0
chr12:8222000-8224000	0.0489649086383202	0.0275805345940755	0.00808891437650036	0	0.0215520257084582	0.00656215675401792	0.0127187795051311	0.0223076709555398	0.0210997539332384	0.00648758853190134	0	0.00736644153927163	0.0298955420135464	0.0147859433337603	0.0138533326848399	0	0.0384680533595689	0.0164367112602237	0.0104518535048553	0.0128560818263853	0.0085104064923695	0.0136293604152635	0.0163659839571628	0.0125265913022097	0.00882466240586213	0.0109602805794479	0.0121843169770976
chr12:11070000-11072000	0	0	0	0	0	0	0	0	0	0	0	0	-0.00333876252393202	0	0	0	0	0	0	0	0	0	0	0	0	0	0
chr12:11072000-11074000	-0.0324510346813329	-0.0388136318804227	-0.0469977251328239	-0.0364404248313136	-0.0450425991342248	-0.0459130729380014	-0.0545847542280523	-0.0464889468752937	-0.0465657518717819	-0.0490401707820914	-0.0589284835021646	-0.0319214096538956	-0.0220323283268742	-0.0470642969255969	-0.0387431693195192	-0.0384050665081166	-0.0267031317183465	0	-0.0472960205721793	-0.0456714313176499	-0.050388268082047	-0.0332881781940422	-0.0455124629762438	-0.0477737574464264	-0.0450837788874222	-0.0498504377916032	-0.0460866525868439
chr12:11088000-11090000	-0.000837044416005161	0	0	0	0	0	0	0	0	0	0	0	0	0	0	0	0	0	0	0	0	0	0	0	0	0	0
chr12:11092000-11094000	-0.0238992641798827	0	0	0	0	0	0	0	0	0	0	0	0	0	0	0	0	0	0	0	0	0	0	0	0	0	0
chr12:27706000-27708000	0.00915592000917487	0	0	0	0	0	0	0	0	0	0	0	0	0	0	0	0	0	0	0	0	0.000959035258203649	0	0	0	0	0
chr12:31104000-31106000	0	0	0	0.0130070186168514	0	0	0	0	0	0	0	0	0	0	0	0.00521129524616268	0	0.0120242845661639	0	0	0	0	0	0	0	0	0
chr12:31118000-31120000	0	0.00574826596909119	0	0	0	0	0	0	0	0	0	0	0.013856369016041	0	0	0	0	0	0	0	0	0	0	0	0	0	0
chr12:31804000-31806000	0	0	-0.000173901114475539	0	-0.00497038329795757	0	0	0	0	0	-0.00508493282041011	-0.0121476722947826	0	-0.0112719026490346	0	0	0	0	0	0	0	0	0	0	0	0	0
chr12:54110000-54112000	0	0	0	0	0	0	0	0	0	0	0	0	0	0	0	-0.0106304868706999	0	0	0	0	0	0	0	0	0	0	0
chr12:63686000-63688000	0.0565350403834328	0.0410555778536429	0.0352242329634121	0.0382397074907348	0.0580209365809696	0.0334748900105625	0.0337450456707548	0.0552301242405489	0.047075831288546	0.0579885818590632	0.0352400543737781	0.0308186262352309	0.0205464086046445	0.0500485094446552	0.0462907929014538	0.0837617505290548	0.0226521894228251	0.00345219238471781	0.0501490625736492	0.0488691425414342	0.0539696386528376	0.0665461882021315	0.0492115077961492	0.0527138517014551	0.0529497351203959	0.0453961687023031	0.0499035473447783
chr12:72278000-72280000	0	0	0	-0.00581513709011684	0	0	0	0	0	0	0	0	0	0	0	0	0	0	0	0	0	0	0	0	0	0	0
chr12:88578000-88580000	0	0	0	0	0	0	0	0	-0.000240697497492405	0	0	0	0	0	0	0	0	0	0	0	0	0	0	0	0	0	0
chr12:90096000-90098000	0.0326779316564616	0	0.00615652542042897	0.0191259319043045	0.00636651543892566	0.0142035955499179	0.00105344149906609	0.00906814995496798	0.0200291094663834	0.01874535600982	0	0	0.00473125190832817	0	0.0109762590489402	0.0063854407792943	0	0	0.00480644944993195	0.00683929823908189	0.00690727110800974	0.00257285644471886	0.00489438610992382	0.008123127092233	0.00159148614664677	0.00586679933467122	0.00641142521996638
chr12:95616000-95618000	0	-0.0116209900783679	0	0	-9.5972474695812e-05	-0.00670954606043335	-0.0139504936169122	0	-0.000170565161452947	-0.00435518858718103	0	-0.0128972556668215	0	0	0	-0.00580497014891989	0	0	-0.00298940252146258	-0.00217261222430987	-0.00154922966647214	-0.0033318235106186	-0.00321010346201549	-0.00183752379862181	-0.00217830382038628	-0.00873988735747638	-0.00208020374659609
chr12:106136000-106138000	0	0	-0.00122372005489379	0	0	0	0	0	0	0	0	0	0	0	0	0	0	0	0	0	0	0	0	0	-0.00496099591669849	-0.00737701476770936	0
chr13:20914000-20916000	0	0	0	0	0	0	0	0	0	0.000526390151264754	0	0	0	0	0	0	0	0	0	0	0	0	0	0	0	0	0
chr13:30786000-30788000	0	0	0	0	-0.00711273069221324	0	-0.0103914834962794	-0.0210211701377873	0	0	-0.035784871965649	0	-0.007205834518737	-0.00615829063260658	-0.0110348814543094	0	-0.00758933273601027	-0.000194487586281762	-0.00987958670830113	-0.0128736130865158	-0.0224124058656888	0	-0.00971201624197265	-0.0141897832006071	-0.0187395761185776	-0.00673587419104781	-0.0114499715714108
chr13:33564000-33566000	0.0407265142928337	0.0273686999930729	0.0289366663676958	0	0.00805827690750551	0.0293077923490117	0.0205510492784123	0.0220525746140023	0	0	0	0.0156868680870736	0.028541466897776	0.00584304596728665	0.0233917121398454	0.018035167973097	0	0.00444364787236933	0.0222839825631968	0.0197077746418132	0.024198703009102	0	0.0229530400233729	0.0237158094292509	0.0255215244181097	0.0199498997501103	0.0209322360402517
chr13:33786000-33788000	0	0	0	0	1.86605212390873e-05	0	0	0.00141385757773774	0	0	0	0	0	0	0	0	0	0	0	0	0	0.00738917737230916	0	0	0	0.00653745389111396	0
chr13:52194000-52196000	0.0082285307899075	0	0	0	0	0	0	0.0167256263963776	0.00768924583124885	0	0	0	0	0	0	0	0	0.0110642926148326	0	0	0	0	0	0	0	0	0
chr13:72296000-72298000	-0.0153592430661385	-0.0240288184798035	-0.00457372900116493	0	-0.0138772127545876	-0.0135801117559555	0	-0.00469729822492966	-0.0175338611390987	-0.0203042603550799	-0.0215766772513314	0	0	-0.00600460262378169	-0.0201784874011722	0	0	0	-0.0112127028735177	-0.00914695983595958	-0.0100024432460342	-0.0134313994648126	-0.012370951797758	-0.00589333835300919	-0.00484027280848622	-0.019793427211483	-0.0100599311806994
chr13:73078000-73080000	0.000741901345272653	0	0	0	0	0	0	0	0	0	0	0	0	0	0	0	0	0	0	0	0	0	0	0	0	0	0
chr13:94706000-94708000	0	0	0	0.0020708877588851	0	0	0	0	0	0	0	0	0	0	0	0	0	0.00270452837957823	0	0	0	0	0	0	0	0	0
chr13:99186000-99188000	0.0131135279299857	0	0	0	0	0	0	0	0	0	0	0	0	0.000358719296835615	0	0	0	0	0	0	0	0	0	0	0	0	0
chr13:113142000-113144000	0	0	0.00162525121226354	0	0.00494010905443154	0.0261409807537047	0	0.0279502075673035	0	0	0	0.00283109124338986	0	0.00269676593147431	0	0	0	0	0.00881845418520169	0.00627130025500209	0.0127681198158436	0.00244360235781752	0.00427881210010586	0.0123816398022836	0.00783658332319101	0	0.00921543948274176
chr13:113314000-113316000	0	0	0	0.00426826853332387	0	0	0	0	0	0	0	0	0	0	0	0	0	0	0	0	0	0	0	0	0	0	0
chr13:113412000-113414000	0.00439895763181289	0	0	0	0	0	0	0	0	0	0	0	0	0	0	0	0	0	0	0	0	0	0	0	0	0	0
chr14:22636000-22638000	0	0	0	-0.0184344811326254	0	0	0	0	-0.00132245879447135	0	-0.000810459437465607	0	0	0	0	0	0	0	0	0	0	0	0	0	0	0	0
chr14:69936000-69938000	0	0	0	0	0	0	0	0	-0.00727081911952983	0	0	0	0	0	0	0	0	0	0	0	0	0	0	0	0	0	0
chr14:73538000-73540000	0	0	0	0	0	0	0	0	0	0	0	0	0	0	0	0	-0.0119990842093759	0	0	0	0	0	0	0	0	0	0
chr14:90972000-90974000	0	0	0	0	0	0	0	0	0	0	0	0	0	0	0	0	0.00693816849193442	0	0	0	0	0	0	0	0	0	0
chr14:92922000-92924000	0.0011940994022401	0.03938496974243	0.0516240295888374	0.0108492630594372	0.0305655849635101	0.0389366943963812	0.0159637367769758	0.0256236175610512	0.0200615446958643	0.0212577009040857	0.0542729471553898	0.0197971278363538	0.0329414067110568	0.0443485415141098	0.0228511366902249	0.0307763413331613	0.0229970724090083	0.0160552717414376	0.033598034676342	0.0325989363749941	0.0336136109673609	0.0336180205515549	0.0376988151510442	0.0318974780716934	0.0334160546635684	0.0212884453205912	0.0336829212247955
chr15:20408000-20410000	0	0	0	0	0	0	0	0	0	0	0	0	0	0	0	0	0.000866210084262933	0	0	0	0	0	0	0	0	0	0
chr15:28832000-28834000	0	0	-0.0152189582376562	0	0	-0.00175683042135637	0	0	0	0	-0.0264842832317821	0	0	0	0	0	0	0	0	0	0	0	0	0	0	-0.0154678256181082	0
chr15:28890000-28892000	0	0	0	0	0	0	0	0	-0.00328502926078537	0	0	0	-0.00489805146321593	0	0	0	0	-0.00212329165083478	0	0	0	0	-0.00368042354217434	0	0	0	0
chr15:30136000-30138000	-0.0056602130668918	-0.0185014199082475	0	0	0	0	0	0	0	0	0	0	0	0	0	0	0	0	0	0	-1.22132483390964e-05	0	0	0	0	0	0
chr15:55692000-55694000	0	0	0	0	0	0	0	-0.0035033904106958	0	0	-0.0174874627768228	0	0	-0.0011785936060154	0	0	0	0	0	0	0	0	0	0	0	0	0
chr15:62414000-62416000	0.0273627190810223	0.0561118184439705	0.0503328630323553	0.0434489616911697	0.0451912329924475	0.0460728001403421	0.0597465021629804	0.0395167128274553	0.0603356481648916	0.0562715400393055	0.0431309222618731	0.0578215531733808	0.0029255140997665	0.0542324384958041	0.0558104973171608	0.00151143773086326	0.0567468777771694	0.0407488133314393	0.0503358458741865	0.0481053559332861	0.0514190568727221	0.0475382921011638	0.0451785312379282	0.0500869246364738	0.048427870434314	0.0411273548118441	0.0503779016769732
chr15:72094000-72096000	-0.0371987820421896	-0.0223016140233199	-0.0277642553635856	-0.0316916346674562	-0.0244319592160541	-0.0220842745358641	-0.0196664618881879	-0.0106049113851108	-0.0406473349542866	-0.0351064941680231	-0.036776405968715	-0.0272481711777579	-0.0290077478324567	-0.0327866594186364	-0.0259385153181089	-0.0186134015720088	-0.00855337933428546	-0.0189120830307108	-0.0229641640827681	-0.0244573246115822	-0.023564701776562	-0.0206215374438585	-0.0284124007018591	-0.0246770797377562	-0.0252410360307162	-0.0181869956821107	-0.0239398902986376
chr15:78732000-78734000	0	0	0	0	0	0	0	0	-1.19694130609823e-05	0	0	0	-0.000383426500369756	0	0	0	0	0	0	0	0	0	0	0	0	0	0
chr15:83874000-83876000	-0.0134145431427986	-0.000462975559249	-0.014883160073396	-0.00780512732185434	-0.0108200617848154	0	0	-0.00373754884736102	-0.022977056223492	-0.0211882824271908	-0.009361351094298	-0.0261631465095387	-0.0201248391454954	-0.0107765389579308	-0.0104170900383715	-0.00426628298538252	0	-0.0108542302969763	-0.0163217260472375	-0.0133121932868478	-0.0165183685193971	-0.0157417335924105	-0.0122535929916132	-0.0143178330245309	-0.0173827730314467	-0.0121434334924956	-0.0150046223100954
chr15:90372000-90374000	0.00130840441876545	0	0	0	0	0.00510056204855726	0.00426089077134229	0	0	0	0.00277607025849158	0	0	0	0	0.0316948531779404	0.00905258865107149	0	0	0	0	0	0	0	0	0	0
chr15:101970000-101972000	0	-0.00949116488641627	-0.0113238824693315	-0.00842878837496377	-0.00796726496244292	-3.97401350815106e-05	-0.00666074303076295	-0.010270509101738	-0.00103943672343575	-0.00586009262354585	0	-0.000188059383705505	-0.01841746383203	-0.00261880335381734	0	-0.0123603797645392	-0.00279807069579384	0	-0.00188896691758742	-0.0037333328007939	-0.00247012213846714	-0.0106966737983697	-0.00357073036351753	-0.00354979521375343	-0.00175429973052632	-0.000290018606561648	-0.0023647611990105
chr15:101974000-101976000	-0.00606124119159085	-0.000796735491155453	0	-0.0337927153058689	0	-0.00295503603371708	0	0	0	0	0	0	0	0	0	-0.0312088154928774	0	0	0	0	0	0	0	0	0	-0.00116105801385784	0
chr15:101980000-101982000	-0.0132060775408397	0	0	0	0	0	0	0	0	0	0	0	0	0	0	0	0	0	0	0	0	0	0	0	0	0	0
chr16:948000-950000	0.011256834047887	0.0319482153104818	0.0358484841562271	0.036128908046766	0.0278029592490391	0.039640935614156	0.0375061379914133	0.0434839916234911	0.0241432367532383	0.0185918704050147	0.0476133692036002	0.0324290284682643	0.0437901918427165	0.0409075517954208	0.0282089727025118	0.0141912633611317	0.0365937270358171	0.00538962273175375	0.0323327157472413	0.0320683933393533	0.0320453658547989	0.0292893569138719	0.027682697698046	0.0347161913026271	0.0309446671132728	0.0301501887127517	0.0320296370915436
chr16:1154000-1156000	0	0	0	0	0	0	0	0	0	0	0	0	0	-0.00412671387060297	0	0	0	0	0	0	0	0	0	0	0	0	0
chr16:2340000-2342000	0	0	0	0	0	0	0	0	0.0073277204731902	0	0	0	0	0	0	0	0.00667914266938606	0	0	0	0	0	0	0	0	0	0
chr16:8728000-8730000	0	0	0	0	0	0	0	0	0	0	0	0	0	0	0	0	0	-0.000197905609555643	0	0	0	0	0	0	0	0	0
chr16:9090000-9092000	0.000770822340397731	0	0	0	0	0	0	0	0	0	0	0	0.000889218574983219	0	0	0	0	0	0	0	0	0	0	0	0	0	0
chr16:15022000-15024000	0	0	0	0	0	0	0	0	0	0	0	0	0	0	0	-0.00767540585708263	0	0	0	0	0	0	0	0	0	0	0
chr16:18752000-18754000	0	0	0	0	0	0	0	0	0	0	0	0	-0.00342137212621096	0	0	0	0	0	0	0	0	0	0	0	0	0	0
chr16:28414000-28416000	-0.151045421551878	-0.170869515626919	-0.162268441798062	-0.200065808511497	-0.194326953028193	-0.183467562478134	-0.17281534847602	-0.196214231520453	-0.181443075235981	-0.16382210196474	-0.214143158201101	-0.181612243178375	-0.20507319708155	-0.209380140910263	-0.201319767799842	-0.176658618078448	-0.192158113347561	-0.166801286883162	-0.184800335342344	-0.182719734320911	-0.190343778386475	-0.178720538579323	-0.179323907687253	-0.182540974380213	-0.17951460666698	-0.181819433656712	-0.183998974240809
chr16:47142000-47144000	0	0.00725279271129891	0	0	0.001124919061659	0	0	0	0.0118776986762815	0	0.000314330706555712	0.00875353648298996	0	0.0015118558716307	0	0	0.00395211267326189	0	0	0	0	0	0	0	0	0	0
chr16:51148000-51150000	-0.0211897499870112	-0.0150657637146689	-0.0111725074614746	0	-0.0198926215199055	-0.0150241805413537	-0.0348486187014638	-0.0110059972812874	-0.027562720678958	-0.0230112834391438	-0.00748099373590821	-0.0106013216344411	-0.0147378774090829	-0.00445327954440875	-0.0237209674981196	-0.0324380179692004	-0.0318669428342141	-0.0174077666133012	-0.0158064076680835	-0.0156302132488793	-0.0159387834890004	-0.0227073472396338	-0.0171023280095067	-0.0176607955846726	-0.0117522511915877	0	-0.0155515316333116
chr16:51152000-51154000	0	0	-0.00744453520749006	0	0	0	0	-0.00961956340254767	0	0	0	0	-0.000812782082602392	0	0	0	0	0	0	0	0	-0.0012835546350702	0	0	0	0	0
chr16:55762000-55764000	-0.0407762356069659	-0.0510713269725962	-0.0551693321434898	-0.0441262401049907	-0.0522520927794574	-0.0359115483112947	-0.0466523141821964	-0.0514951185782195	-0.0365153486876577	-0.0630437662688785	-0.055811776263828	-0.0413834391972408	-0.0684918035736917	-0.0543644628365855	-0.0401093450600903	-0.0562894537609467	-0.0536927914114282	-0.0413034899029048	-0.0435684483861932	-0.0443602009202258	-0.0362711280735074	-0.0334760172663748	-0.0473769966528245	-0.0424182105690023	-0.0414803358240351	-0.0573274719825452	-0.0435892916610755
chr16:55764000-55766000	-0.0104583765863286	-0.0225357238735556	-0.0203763753998528	-0.0140990495859071	-0.0144885780437178	-0.0400512830061405	-0.0173114561229698	-0.033374991138919	-0.0165549470402966	-0.0111725241024575	-0.0380244055215253	-0.0287962864537079	0	-0.0133974562928529	-0.026151003158975	-0.0144658546360129	-0.0371933556054917	0	-0.0247925990841146	-0.0249226199030876	-0.0319673858194626	-0.0149386257402305	-0.0217873691995787	-0.0196165129670898	-0.0231622706243109	-0.0214903882344237	-0.0249104145844282
chr16:55766000-55768000	-0.0269705868585618	-0.0274820577514619	-0.0475272088720599	-0.0443069957867121	-0.0502431951617744	-0.0457963623139207	-0.0355013001726528	-0.0549498577461891	-0.0509550764068874	-0.0679572124606731	-0.0365701740734643	-0.056971892629505	-0.0263280392632837	-0.0431699243230617	-0.0594709871081991	-0.0432366745990527	-0.0399790669067135	-0.0641968486473022	-0.0529697149776044	-0.0525100087619759	-0.0503298372635627	-0.0630239399605682	-0.0404036600664371	-0.049225531238771	-0.0505161439357589	-0.0508805530103251	-0.0517509257203599
chr16:55770000-55772000	0	0	0	0	0	0	0	0	0	0	0	0	0	0	0	-0.00254412953615004	0	0	0	0	0	0	0	0	0	0	0
chr16:55772000-55774000	-0.0499480253691588	0	0	0	-0.0113145124559804	0	-0.00516815644697872	-0.00417005473086687	-0.0242122997008186	-0.0127689262082336	-0.0408328729670423	0	-0.015492623929067	-0.00350933852244006	-0.000640847900515413	0	0	-0.0246887848895321	-0.0161792872851716	-0.0145592816595716	-0.015122717340044	-0.00638470879079667	-0.0088261414577056	-0.0147560119642711	-0.0168731440881507	-0.0201066510118101	-0.0163109144630232
chr16:55782000-55784000	-0.0267283166707669	0	-0.011676535487827	-0.0585322544797477	-0.00398937592753735	-0.0129946892417289	-0.0191388160726632	0	-0.0140631495787349	0	-0.00158608359975117	-0.0181201890050659	0	-0.0157979493683877	-0.0123860687320557	-0.0307593547687995	-0.0136858950453708	-0.00393272640771559	-0.00360302744251373	-0.0058783772324862	-0.00391582310198513	-0.00285681046161933	-0.015390430642227	-0.0100908774960917	-0.00901264920162893	0	-0.00482956663957349
chr16:55784000-55786000	0	0	0	0	0	0	0	0	0	0	0	0	0	0	0	0	0	-0.00630148114912712	0	0	0	0	0	0	0	0	0
chr16:55788000-55790000	-0.00762784793662811	0	0	0	0	0	0	0	0	0	0	0	0	0	0	0	0	0	0	0	0	0	0	0	0	0	0
chr16:57292000-57294000	0.000216212522428438	0.0136677916259961	0.00642752096455442	0	0	0	0.0146408230401532	0.00157327450449902	0	0.0154156334595737	0.0178928105058735	0.00441649714322014	0.0170696817417786	0.00905822295906408	0	0	0.0148205338682671	0.0119520814489931	0.00926416243909694	0.00890432047223274	0.00909412417858483	0.0101840274800368	0.011566117152202	0.00792688252274663	0.012370986453662	2.16819786050739e-05	0.00895536359100498
chr16:69944000-69946000	0	0	0	-0.000415172097095214	0	0	0	0	0	0	0	0	0	0	0	0	0	0	0	0	0	0	0	0	0	0	0
chr16:69954000-69956000	0	0	0	-0.0234987939174293	0	0	0	0	0	0	0	0	0	0	0	0	0	0	0	0	0	0	0	0	0	0	0
chr16:74396000-74398000	0	0	0	0	0	0	0	-0.0108857984518129	0	0	0	-0.00309587876901194	0	-0.00401922432515794	0	0	-0.0420696477356452	0	0	0	0	0	0	0	0	-0.00334098841046924	0
chr16:83222000-83224000	0	0	0	0	0	0	0	0.000613718009670561	0	0.012162840353484	0	0	0	0	0	0	0	0	0	0	0	0	0	0	0	0	0
chr16:88080000-88082000	0.0801121918510064	0.0645882739322183	0.0630882197655033	0.0761726494086652	0.054913362689122	0.063657017654137	0.0544748651334865	0.0370102905845563	0.0449737052894863	0.041443381865207	0.0345442226262315	0.0535029899607983	0.0524521325029899	0.0583349647183336	0.0667106336090678	0.0306461907487756	0.0211055332304257	0.030458784143932	0.0515327069793541	0.0519091780338911	0.0472365188611374	0.0528179157527059	0.0508429016750602	0.0529720919783986	0.0580080230915417	0.0552535063742303	0.0520595466861458
chr16:88088000-88090000	0	0	0	0	0	0	0	0	0	0	0	0	0	-0.00661588410507659	0	0	0	0	0	0	0	0	0	0	0	0	0
chr17:72000-74000	0	0	0	0	0	0	0	0	0	0	0	0	0	0	0	0	0	-0.00865442421830968	0	0	0	0	0	0	0	0	0
chr17:820000-822000	-0.0482353793400466	-0.0157053706467272	-0.0101140736194385	-0.0394800411250073	-0.0154777982956477	-0.0129782784530794	-0.0136954919242614	0	-0.022451022695656	-0.0173633131119206	-0.000895626667679995	-0.0152275466801358	-0.032274484940657	-0.017411131596639	-0.0102343400406331	0	0	-0.0246944624690469	-0.0180893226548286	-0.019522487607465	-0.019468152010867	-0.0224797604264893	-0.0122974218254671	-0.0212486136479478	-0.0129312805177685	-0.0167805540413255	-0.0187602296804753
chr17:898000-900000	0	0	0	0	0	0	0	0	0	0	0	0	0	0	0	0	0	-0.0123737816518285	0	0	0	0	0	0	0	0	0
chr17:27210000-27212000	0	0	0	0	0	-0.0020932916348812	0	0	0	0	0	0	-0.00301373389968979	0	0	0	-0.0182873650441943	0	0	0	0	0	0	0	0	0	0
chr17:30666000-30668000	0	-0.00565182828291383	0	0	0	0	-0.00050744839538924	0	0	0	0	-7.61218129527334e-05	0	0	0	0	0	0	0	0	0	0	0	0	0	0	0
chr17:36166000-36168000	-0.00990093831488022	-0.00905872064735858	-0.0108889995485989	-0.00306954333523373	-0.00651834755520043	-0.000140497980882751	-2.98694048848214e-05	-0.00167139623609983	-0.0128102000216734	-0.0148827073111563	0	0	0	-0.00361708502266687	-0.0277050899141483	0	0	-0.0125241008420329	-0.00759180475050691	-0.00939355950557313	-0.00542050347755271	-0.00813607262122187	-0.00969571387013939	-0.00399987798362344	-0.00132051355960984	-0.00895978290825218	-0.00778770426675265
chr17:44570000-44572000	0.0186781413670892	0	0	0	0	0	0	0	0	0	0	0	0	0	0	0	0	0	0	0	0	0	0	0	0	0	0
chr17:45578000-45580000	0	0	0	0	0	0	0	0	0	0	0	0	0	0	0	0	0	0.00531363409216779	0	0	0	0	0	0	0	0	0
chr17:46492000-46494000	0.0285854713005136	0	0	0.0137769144442112	0.00564420699347196	0.0149114914147972	7.80963845418367e-05	0.00800092264264713	0.0137980530261169	0	0	0.0184170825936056	0.0185075279312842	0.00452684632228766	0.000654613557037592	0.00901433108469032	0	0.0230712298406133	0.00249467333318889	0.0019458281351719	0.00530519260208788	0	0.00603258739655974	0.00240752665142639	0.00101986540385688	0	0.00196379077642924
chr17:46500000-46502000	0.0257841976595439	0.0742241422121669	0.0609155386826959	0.0373121015127913	0.0540642290038937	0.0479504153743106	0.0808128651307794	0.0778293486611762	0.0692500225649763	0.0449265402902665	0.0738877810068243	0.0648464401622965	0.0656002327845941	0.0582194967177322	0.0780079993315189	0.0635990938172219	0.0271539860644683	0.0735513688463969	0.0683961010914406	0.0693677323821858	0.0636820406325379	0.0685812357343349	0.0661717686836642	0.0690623284519509	0.0700648812079696	0.0715356552872915	0.0689551488376544
chr17:57610000-57612000	-0.0580671536185795	-0.0507189227150648	-0.0544198081112753	-0.049522524300025	-0.0514482668578942	-0.0706351611221119	-0.0679195338905331	-0.0636503282676183	-0.0548220413728165	-0.0521158240920808	-0.0468221746737849	-0.0593479866331638	-0.0283685127612511	-0.0523665026902057	-0.0520674350143585	-0.0466058984002109	-0.0459150316827173	-0.0620097471206128	-0.0560236670555436	-0.0563689457595992	-0.0537567760655638	-0.052907577414254	-0.0541937509316869	-0.0526405121433581	-0.0585512780353912	-0.0453602563495298	-0.0550817024498646
chr17:74570000-74572000	0.00730198855275861	0	0	0	0	0	0.00275923187914236	0	0	0	0	0	0	0	0	0	0	0	0	0	0	0	0	0	0	0	0
chr17:79048000-79050000	0	0.00932320302800512	0	0	0.0130686790514488	0	0	0.0106224429597079	0.00605306602102651	0.00864227708290206	0.0192104002077723	0.00758741067639584	0.00480793243512069	0	0.0161612697721335	0	0.000627898448263938	0	0.00254976347045217	0.00603633958700687	0.00787810715479694	0.00191688217941608	0	0.00265101755315424	0.00236182385081492	0	0.00164843791115982
chr18:7080000-7082000	-0.00474744841437317	0	0	0	-0.0104132625708349	0	-0.00816069161498919	-0.000573597766973082	-0.0125851776507688	0	-0.0117475345897036	-0.015407460293909	0	0	0	-0.00506471552874767	0	0	-0.0048834765114955	-0.00300840325981809	-0.00371367921369628	-0.00286210888395812	0	-0.00706649283370373	-0.00349049876476294	-0.0126748800407961	-0.00398069556581755
chr18:7094000-7096000	-0.0117119487712267	0	0	0	0	0	0	0	0	0	0	0	0	0	0	0	0	0	0	0	0	0	0	0	0	0	0
chr18:13934000-13936000	0	0	0	0	0	0	0	0	0.0103417589609984	0	0	0	0	0	0	0	0	0	0	0	0	0	0	0	0	0	0
chr18:46962000-46964000	0.0766051694500201	0.0821174804672858	0.073336398748402	0.0719801731080662	0.0761077208508843	0.0777854872438718	0.0551862789833992	0.060249273356069	0.0940700710936271	0.0645854806264332	0.0780224253612755	0.0751274086069569	0.0508878867508371	0.0666664298650794	0.0668348471329829	0.0996168515236963	0.061393571667241	0.0716466903984122	0.0757710093176578	0.0731467215650307	0.0815111492339948	0.078947158423829	0.0662550787298087	0.0821960135873461	0.0748299762840037	0.0866361133657856	0.0760640649640637
chr19:2650000-2652000	0	0	0	0	0	0	0	0	0	0	-0.00274766441900289	-0.0136031172438024	0	0	0	0	-0.0188793013679324	0	0	0	0	0	0	0	0	0	0
chr19:10732000-10734000	0.01771247045306	0	0	0	0	0	0	0	0	0	0	0	0	0	0	0	0	0	0	0	0	0	0	0	0	0	0
chr19:21584000-21586000	0	0	0	0	0	0	0	0	0	0.00772891849454022	0	0	0	0	0	0	0	0	0	0	0	0	0	0	0	0	0
chr19:32676000-32678000	0	0	0.00652486033272865	0.00825314600278628	0	0	0	0.0109761920565489	0	0	0	0	0	0	0	0	0	0	0	0	0	0.0161325905570074	0	0	0	0	0
chr19:45540000-45542000	0	0	0	0	0	0.0191425372751543	0	0	0	0	0.0152121578286992	0	0	0	0	0	0	0	0	0	0	0	0	0	0	0	0
chr19:47228000-47230000	-0.00246694368663323	-0.0137089957472769	-0.0103925554431038	-0.0240910114364813	-0.00417823997114589	0	-0.00667582360463858	0	0	-0.00449123290782138	0	-0.00189310851299463	0	0	-0.00138420002197078	0	-0.0140328869307841	0	-0.0052365137576035	-0.00527802177298574	-0.0041961133298146	-0.0110840611752027	-0.0103634506649459	-0.00542267048137041	-0.00959607546308673	-0.0013908508123993	-0.00577781290246672
chr19:48874000-48876000	0	0	-0.00999687136096374	0	0	0	0	0	0	0	0	0	0	0	0	0	0	-0.00582118771487733	0	0	0	0	0	0	0	0	0
chr19:53196000-53198000	0	0	0	0	0	0	0	0.000677430375774811	0	0	0	0	0	0.0209074070406148	0.00660786648053236	0	0.0242522205130882	0	0	0.000138306455768466	0	0.000406597075883122	0.00800728725267673	0.0036950638993234	0.00237697828729214	0.00621226191372542	0.000621993870733723
chr19:57002000-57004000	-0.0296255099340795	-0.0464174763965727	-0.0425850132045801	-0.0261080243625808	-0.0385152111108983	-0.0469599967502585	-0.0341331301065861	-0.050893723882607	-0.0450757429851541	-0.0480822077465279	-0.0222701562534662	-0.0420023862232896	-0.0269736450455684	-0.0389999306503875	-0.0308768530965526	-0.00689681286406069	-0.0303863788334066	-0.0333714185888195	-0.0457010328978952	-0.0470166144256334	-0.0464465771957429	-0.0545826525516317	-0.0399060038197424	-0.0423976587515474	-0.0456193100492919	-0.0414254369470033	-0.0466262873558358
chr20:3008000-3010000	0	0	0	0	0	0.00350905983489982	0	0	0	0	0	0	0	0	0	0	0	0	0	0	0	0	0.000170148714106975	0	0	0	0
chr20:5648000-5650000	0.0137961321024719	0.0427438130693745	0.0240646083073335	0.0173388115616388	0.0386379997325605	0.033220754576518	0.0394692672923936	0.0251990938554347	0.0312477032774877	0.0495914517878899	0.0439879075413044	0.0216846836204443	0.0355032293163188	0.0201212470907227	0.0412423532215386	0	0.0159477376978758	0.0456752213106053	0.038712544001426	0.035806716823277	0.0354656585484224	0.0322533840784573	0.029809182194035	0.034170629381946	0.0357837331734943	0.0383096153418921	0.0372750551122803
chr20:8586000-8588000	-0.00155541649904154	0	0	0	0	0	0	0	0	0	0	0	0	0	0	0	0	0	0	0	0	0	0	0	0	0	0
chr20:10670000-10672000	0.0229283092059039	0	0	0.00311312244054612	0	0	0.000551347163389945	0.00761269567465113	0.00708153768839131	0	0	0	0	0	0	0	0	0.00507163885458654	0.00102355302678146	0	0.000859920637473286	0	0.00555129810671386	0.00271987629263174	0	0	0.000311929193914911
chr20:30282000-30284000	0.00603230401208684	0	0	0	0	0	0	0	0	0	0	0	0	0	0	0	0	0	0	0	0	0	0	0	0	0	0
chr20:34654000-34656000	0.0366378967186443	0.0538217949430609	0.0485572140262385	0.0487934717371165	0.0451598413339412	0.0409564388268578	0.052736763681372	0.0380763860964419	0.0480657768074418	0.0448525004009263	0.0429092243863451	0.0474764797343347	0.0318396215367891	0.048782037924679	0.0470976796212418	0.0506109485402863	0.0508111916810368	0.0503724908068576	0.0507082110962036	0.0502284835183234	0.0493412623000797	0.053480958502977	0.0496105689009505	0.052659450613791	0.050588468760593	0.0531918794847605	0.0511458446225905
chr20:37104000-37106000	0	0	0	0	0	0	0	0	0	0	0	0	0	0	0	-0.0162880610657138	0	0	0	0	0	0	0	0	0	0	0
chr20:58606000-58608000	-0.0155755790200311	-0.0201368766408621	0	0	0	0	0	0	0	0	0	-0.000608090157342507	0	0	0	0	0	0	0	0	0	0	0	0	0	-0.000770689997724698	0
chr20:61390000-61392000	0	-0.00237042201603624	0	0	0	0	0	0	0	0	0	0	-0.00296911498594791	0	0	0	0	0	0	0	0	0	0	0	0	0	0
chr21:31558000-31560000	0	0.00232597024388724	0.00140927273541938	0	0.0224662871752972	0	0.00986525104921585	0.00216991650510678	0	0	0.0228148799598881	0.00416044603023592	0	0.000940150540510707	0.00687939777965269	0	0	0	0.0060648740775226	0.00597838951305579	0.00535648871217136	0.00747163405857613	0	0.00482204518762888	0.00800261751929798	0.0213294317643025	0.00725109736020035
chr21:35676000-35678000	0	0	0	0	0	0	0	0	0	0	-0.00208361747530239	0	0	0	0	0	0	0	0	0	0	0	0	0	0	0	0
chr21:43042000-43044000	0	-0.000681641990731103	0	-0.00368905942811573	0	0	0	0	0	0	0	0	0	0	0	0	-0.00612779585359251	0	0	0	0	-0.00742058758607733	0	-2.93242984024232e-05	0	-0.000902795944568135	0
chr21:43430000-43432000	0.0369588920732701	0.026004923181809	0.0334228219554594	0.0487087075941062	0.0475195943217784	0.0193141865308388	0.0203884753288583	0.024649865055741	0.0157882759746441	0.0517915821498907	0.0121635929385746	0.0135000658264246	0.0338007322929689	0.0362010641683459	0.0311858184057085	0	0	0.0484903214969902	0.028495738443956	0.0261240125107946	0.0207717559974682	0.0408592021718472	0.0297744421683551	0.0194954031398217	0.0240393342124024	0.0214932860945933	0.0264758212074289
chr21:44194000-44196000	0	0	0	0	0	-0.0104656791142733	0	0	0	0	-0.00461224937014021	0	-0.0190782966095074	0	0	0	-0.0143350192229032	-0.00427258589682293	0	0	0	0	0	0	0	0	0
chr21:44196000-44198000	0	0	0	0	0	-0.00103348450100664	0	0	0	0	0	0	0	0	0	0	0	0	0	0	0	0	0	0	0	0	0
chr21:44198000-44200000	-0.000984152128963156	-0.0474350640021563	-0.0414561503595732	-0.0608226210838784	-0.0602247722693302	-0.0355026941490891	-0.0420126500335313	-0.0470813996032082	-0.0436156058198297	-0.0485194904444221	-0.0421699103594637	-0.051128667287382	-0.0304886349260595	-0.0573089986212938	-0.0504711472123408	-0.00833439275363619	-0.0838247243907915	-0.0670306273199745	-0.0500401050446178	-0.0499455371119696	-0.0496245242597493	-0.0479625368246674	-0.0557970328423829	-0.0487457487851615	-0.0558537042456776	-0.0468658319132691	-0.049947250962758
chr21:45404000-45406000	0	0	0	0	0	0	0	0.00299117423241456	0	0	0	0	2.81648507014142e-05	0	0	0	0	0	0	0	0	0	0	0	0	0.00122567508502315	0
chr22:21748000-21750000	0	0	0	0	0	0	0	0	0	0	0	0	0	-0.00137512233806551	0	0	0	0	0	0	0	-0.00267840481716771	0	0	0	0	0
chr22:23950000-23952000	-0.0106997128241633	0	0	0	0	0	0	0	0	0	0	0	0	0	0	-0.00508765466924294	-0.00899423050158691	0	0	0	0	0	0	0	0	0	0
chr22:36610000-36612000	0	0	0	0	0	0	-0.00600715375136887	0	0	0	0	0	0	0	0	0	0	0	0	0	0	0	-0.000744829328765829	0	-0.00247503091138474	-0.0032667820210998	0
chr22:36748000-36750000	-0.0313904948114364	-0.02167991188701	-0.0271613629850296	-0.0354847045920722	-0.0333725150969702	-0.00729424239657279	-0.0209281713566419	-0.0277969845337242	-0.0265712548367953	-0.0158641081839934	-0.0167651646939214	-0.0282039428938909	-0.0108171237563203	-0.021794312393239	-0.0112534851696421	-0.0325894633134302	0	-0.00651780881427446	-0.0196631863262492	-0.018681341436786	-0.0164395782035018	-0.0261619956111111	-0.0240370066292071	-0.0207890589262102	-0.025532102936418	-0.0177163888089294	-0.019232596825234
chr22:42508000-42510000	0	0	0	-0.0182774754661908	0	0	0	0	0	0	0	0	0	0	0	0	0	0	0	0	0	0	0	0	0	0	0
chr22:45970000-45972000	0.00645008052113059	0	0	0	0.0117555734509947	0.00687910677603855	0	0.00623452124003183	0	0.0175023880141121	0	0.017730924946909	0	0.010328495736742	0	0	0.000892114092180051	0.021458065511968	0.0109562331328593	0.0128356694697935	0.00899917251733373	0	0.015986928932298	0.0183896745865132	0.00456150056479885	0	0.0125687685887294
chr22:49154000-49156000	0	0	0	0	0	0	0.00116133030191262	0.00541205192759374	0	0	0	0	0.000855740196196349	0	0	0	0.00313849450901961	0	0	0	0	0.0165810094504814	0	0	0	0	0
